OPENBVE18230
#ACCELERATION
1,1,25,25,1
1,1,25,25,1
1,1,25,25,1
1,1,25,25,1
1,1,25,25,1
1,1,25,25,1
1,1,25,25,1
1,1,25,25,1
1,1,25,25,1
1,1,25,25,1
#PERFORMANCE
0.1            ; Deceleration
0.35           ; CoefficientOfStaticFriction
0              ; Reserved (not used)
0.0025         ; CoefficientOfRollingResistance
1.2            ; AerodynamicDragCoefficient
#DELAY
0,0,0,0,0,0,0,0,0,0; DelayPowerUp
0,0,0,0,0,0,0,0,0,0; DelayPowerDown
0,0,0,0,0,0,0,0,0,0; DelayBrakeUp
0,0,0,0,0,0,0,0,0,0; DelayBrakeDown
0              ; ElectricBrakeDelayUp
0              ; ElectricBrakeDelayDown
0,0,0,0,0,0,0,0; DelayLocoBrakeUp (1.5.3.4+)
0,0,0,0,0,0,0,0; DelayLocoBrakeDown (1.5.3.4+)
#MOVE
1000           ; JerkPowerUp
1000           ; JerkPowerDown
1000           ; JerkBrakeUp
1000           ; JerkBrakeDown
300            ; BrakeCylinderUp
200            ; BrakeCylinderDown
#BRAKE
0              ; BrakeType
0              ; BrakeControlSystem
0              ; BrakeControlSpeed
0              ; LocoBrakeType (1.5.3.4+)
#PRESSURE
480            ; BrakeCylinderServiceMaximumPressure
480            ; BrakeCylinderEmergencyMaximumPressure
690            ; MainReservoirMinimumPressure
780            ; MainReservoirMaximumPressure
637.5          ; BrakePipeNormalPressure
#HANDLE
0              ; HandleType
10             ; PowerNotches
10             ; BrakeNotches
0              ; PowerNotchReduceSteps
0              ; EbHandleBehaviour (1.5.3.3+)
0              ; LocoBrakeNotches (1.5.3.4+)
0              ; LocoBrakeType (1.5.3.4+)
10             ; DriverPowerNotches
10             ; DriverBrakeNotches
#CAB
0              ; X
0              ; Y
0              ; Z
0              ; DriverCar
#CAR
40             ; MotorCarMass
1              ; NumberOfMotorCars
40             ; TrailerCarMass
1              ; NumberOfTrailerCars
20             ; LengthOfACar
0              ; FrontCarIsAMotorCar
2.6            ; WidthOfACar
3.2            ; HeightOfACar
1.5            ; CenterOfGravityHeight
5              ; ExposedFrontalArea
1.6            ; UnexposedFrontalArea
#DEVICE
0              ; Ats
0              ; Atc
0              ; Eb
0              ; ConstSpeed
0              ; HoldBrake
0              ; ReAdhesionDevice
0              ; Reserved (not used)
0              ; PassAlarm
0              ; DoorOpenMode
0              ; DoorCloseMode
1000           ; DoorWidth
0              ; DoorMaxTolerance
#MOTOR_P1
0,50.20243,81.37652
0,2.42915,82.75304
0,56.68016,84.12955
0,59.61539,85.50607
0,62.75304,86.88259
0,65.89069,88.25911
0,69.02834,89.63563
0,72.16599,91.01215
0,75.30364,92.38866
0,78.44129,93.76518
0,81.57894,95.1417
0,84.71659,96.51822
0,87.85424,97.89474
0,90.99189,99.27126
0,94.12954,100.6478
0,97.26719,102.0243
0,100.4049,103.4008
0,100.4049,104.7773
0,100.4049,106.1538
0,100.4049,107.5304
0,100.4049,108.9069
0,100.4049,110.2834
0,100.4049,111.6599
0,100.4049,113.0364
0,100.4049,114.413
0,100.4049,115.7895
0,100.4049,117.166
0,100.4049,118.5425
0,100.4049,119.919
0,100.4049,121.2955
0,100.4049,122.6721
0,100.4049,124.0486
0,100.4049,125.4251
0,100.4049,126.8016
0,100.4049,128.1781
0,100.4049,129.5546
0,100.4049,130.9312
0,100.4049,132.3077
0,100.4049,133.6842
0,100.4049,135.0607
0,100.4049,136.4372
0,100.4049,137.8137
0,100.4049,139.1902
0,100.4049,140.5667
0,100.4049,141.9432
0,100.4049,143.3197
0,100.4049,144.6963
0,100.4049,146.0728
0,100.4049,147.4493
0,100.4049,148.8258
0,100.4049,150.2023
0,100.4049,150.2024
0,100.4049,150.2024
0,100.4049,150.2024
0,100.4049,150.2024
0,100.4049,150.2024
0,100.4049,150.2024
0,100.4049,150.2024
0,100.4049,150.2024
0,100.4049,150.2024
0,100.4049,150.2024
0,100.4049,150.2024
0,100.4049,150.2024
0,100.4049,150.2024
0,100.4049,150.2024
0,100.4049,150.2024
0,100.4049,150.2024
0,100.4049,150.2024
0,100.4049,150.2024
0,100.4049,150.2024
0,100.4049,150.2024
0,100.4049,150.2024
0,100.4049,150.2024
0,100.4049,150.2024
0,100.4049,150.2024
0,100.4049,150.2024
0,100.4049,150.2024
0,100.4049,150.2024
0,100.4049,150.2024
0,100.4049,150.2024
0,100.4049,150.2024
0,100.4049,150.2024
0,100.4049,150.2024
0,100.4049,150.2024
0,100.4049,150.2024
0,100.4049,150.2024
0,100.4049,150.2024
0,100.4049,150.2024
0,100.4049,150.2024
0,100.4049,150.2024
0,100.4049,150.2024
0,100.4049,150.2024
0,100.4049,150.2024
0,100.4049,150.2024
0,100.4049,150.2024
0,100.4049,150.2024
0,100.4049,150.2024
0,100.4049,150.2024
0,100.4049,150.2024
0,100.4049,150.2024
0,100.4049,150.2024
0,100.4049,150.2024
0,100.4049,150.2024
0,100.4049,150.2024
0,100.4049,150.2024
0,100.4049,150.2024
0,100.4049,150.2024
0,100.4049,150.2024
0,100.4049,150.2024
0,100.4049,150.2024
0,100.4049,150.2024
0,100.4049,150.2024
0,100.4049,150.2024
0,100.4049,150.2024
0,100.4049,150.2024
0,100.4049,150.2024
0,100.4049,150.2024
0,100.4049,150.2024
0,100.4049,150.2024
0,100.4049,150.2024
0,100.4049,150.2024
0,100.4049,150.2024
0,100.4049,150.2024
0,100.4049,150.2024
0,100.4049,150.2024
0,100.4049,150.2024
0,100.4049,150.2024
0,100.4049,150.2024
0,100.4049,150.2024
0,100.4049,150.2024
0,100.4049,150.2024
0,100.4049,150.2024
0,100.4049,150.2024
0,100.4049,150.2024
0,100.4049,150.2024
0,100.4049,150.2024
0,100.4049,150.2024
0,100.4049,150.2024
0,100.4049,150.2024
0,100.4049,150.2024
0,100.4049,150.2024
0,100.4049,150.2024
0,100.4049,150.2024
0,100.4049,150.2024
0,100.4049,150.2024
0,100.4049,150.2024
0,100.4049,150.2024
0,100.4049,150.2024
0,100.4049,150.2024
0,100.4049,150.2024
0,100.4049,150.2024
0,100.4049,150.2024
0,100.4049,150.2024
0,100.4049,150.2024
0,100.4049,150.2024
0,100.4049,150.2024
0,100.4049,150.2024
0,100.4049,150.2024
0,100.4049,150.2024
0,100.4049,150.2024
0,100.4049,150.2024
0,100.4049,150.2024
0,100.4049,150.2024
0,100.4049,150.2024
0,100.4049,150.2024
0,100.4049,150.2024
0,100.4049,150.2024
0,100.4049,150.2024
0,100.4049,150.2024
0,100.4049,150.2024
0,100.4049,150.2024
0,100.4049,150.2024
0,100.4049,150.2024
0,100.4049,150.2024
0,100.4049,150.2024
0,100.4049,150.2024
0,100.4049,150.2024
0,100.4049,150.2024
0,100.4049,150.2024
0,100.4049,150.2024
0,100.4049,150.2024
0,100.4049,150.2024
0,100.4049,150.2024
0,100.4049,150.2024
0,100.4049,150.2024
0,100.4049,150.2024
0,100.4049,150.2024
0,100.4049,150.2024
0,100.4049,150.2024
0,100.4049,150.2024
0,100.4049,150.2024
0,100.4049,150.2024
0,100.4049,150.2024
0,100.4049,150.2024
0,100.4049,150.2024
0,100.4049,150.2024
0,100.4049,150.2024
0,100.4049,150.2024
0,100.4049,150.2024
0,100.4049,150.2024
0,100.4049,150.2024
0,100.4049,150.2024
0,100.4049,150.2024
0,100.4049,150.2024
0,100.4049,150.2024
0,100.4049,150.2024
0,100.4049,150.2024
0,100.4049,150.2024
0,100.4049,150.2024
0,100.4049,150.2024
0,100.4049,150.2024
0,100.4049,150.2024
0,100.4049,150.2024
0,100.4049,150.2024
0,100.4049,150.2024
0,100.4049,150.2024
0,100.4049,150.2024
0,100.4049,150.2024
0,100.4049,150.2024
0,100.4049,150.2024
0,100.4049,150.2024
0,100.4049,150.2024
0,100.4049,150.2024
0,100.4049,150.2024
0,100.4049,150.2024
0,100.4049,150.2024
0,100.4049,150.2024
0,100.4049,150.2024
0,99.69603,150.2024
0,99.69647,150.2024
0,99.69691,150.2024
0,99.69736,150.2024
0,99.6978,150.2024
0,99.69824,150.2024
0,99.69868,150.2024
0,99.69913,150.2024
0,99.69957,150.2024
0,99.70001,150.2024
0,99.70045,150.2024
0,99.7009,150.2024
0,99.70134,150.2024
0,99.70178,150.2024
0,99.70222,150.2024
0,99.70267,150.2024
0,99.70311,150.2024
0,99.70355,150.2024
0,99.70399,150.2024
0,99.70444,150.2024
0,99.70488,150.2024
0,99.70532,150.2024
0,99.70576,150.2024
0,99.70621,150.2024
0,99.70665,150.2024
0,99.70709,150.2024
0,99.70753,150.2024
0,99.70798,150.2024
0,99.70842,150.2024
0,99.70886,150.2024
0,99.7093,150.2024
0,99.70975,150.2024
0,99.71019,150.2024
0,99.71063,150.2024
0,99.71107,150.2024
0,99.71152,150.2024
0,99.71196,150.2024
0,99.7124,150.2024
0,99.71284,150.2024
0,99.71329,150.2024
0,99.71373,150.2024
0,99.71417,150.2024
0,99.71461,150.2024
0,99.71506,150.2024
0,99.7155,150.2024
0,99.71594,150.2024
0,99.71638,150.2024
0,99.71683,150.2024
0,99.71727,150.2024
0,99.71771,150.2024
0,99.71815,150.2024
0,99.7186,150.2024
0,99.71904,150.2024
0,99.71948,150.2024
0,99.71992,150.2024
0,99.72037,150.2024
0,99.72081,150.2024
0,99.72125,150.2024
0,99.72169,150.2024
0,99.72214,150.2024
0,99.72258,150.2024
0,99.72302,150.2024
0,99.72346,150.2024
0,99.72391,150.2024
0,99.72435,150.2024
0,99.72479,150.2024
0,99.72523,150.2024
0,99.72568,150.2024
0,99.72612,150.2024
0,99.72656,150.2024
0,99.72701,150.2024
0,99.72745,150.2024
0,99.72789,150.2024
0,99.72833,150.2024
0,99.72878,150.2024
0,99.72922,150.2024
0,99.72966,150.2024
0,99.7301,150.2024
0,99.73055,150.2024
0,99.73099,150.2024
0,99.73143,150.2024
0,99.73187,150.2024
0,99.73232,150.2024
0,99.73276,150.2024
0,99.7332,150.2024
0,99.73364,150.2024
0,99.73409,150.2024
0,99.73453,150.2024
0,99.73497,150.2024
0,99.73541,150.2024
0,99.73586,150.2024
0,99.7363,150.2024
0,99.73674,150.2024
0,99.73718,150.2024
0,99.73763,150.2024
0,99.73807,150.2024
0,99.73851,150.2024
0,99.73895,150.2024
0,99.7394,150.2024
0,99.73984,150.2024
0,99.74028,150.2024
0,99.74072,150.2024
0,99.74117,150.2024
0,99.74161,150.2024
0,99.74205,150.2024
0,99.74249,150.2024
0,99.74294,150.2024
0,99.74338,150.2024
0,99.74382,150.2024
0,99.74426,150.2024
0,99.74471,150.2024
0,99.74515,150.2024
0,99.74559,150.2024
0,99.74603,150.2024
0,99.74648,150.2024
0,99.74692,150.2024
0,99.74736,150.2024
0,99.7478,150.2024
0,99.74825,150.2024
0,99.74869,150.2024
0,99.74913,150.2024
0,99.74957,150.2024
0,99.75002,150.2024
0,99.75046,150.2024
0,99.7509,150.2024
0,99.75134,150.2024
0,99.75179,150.2024
0,99.75223,150.2024
0,99.75267,150.2024
0,99.75311,150.2024
0,99.75356,150.2024
0,99.754,150.2024
0,99.75444,150.2024
0,99.75488,150.2024
0,99.75533,150.2024
0,99.75577,150.2024
0,99.75621,150.2024
0,99.75665,150.2024
0,99.7571,150.2024
0,99.75754,150.2024
0,99.75798,150.2024
0,99.75842,150.2024
0,99.75887,150.2024
0,99.75931,150.2024
0,99.75975,150.2024
0,99.76019,150.2024
0,99.76064,150.2024
0,99.76108,150.2024
0,99.76152,150.2024
0,99.76196,150.2024
0,99.76241,150.2024
0,99.76285,150.2024
0,99.76329,150.2024
0,99.76373,150.2024
0,99.76418,150.2024
0,99.76462,150.2024
0,99.76506,150.2024
0,99.7655,150.2024
0,99.76595,150.2024
0,99.76639,150.2024
0,99.76683,150.2024
0,99.76727,150.2024
0,99.76772,150.2024
0,99.76816,150.2024
0,99.7686,150.2024
0,99.76904,150.2024
0,99.76949,150.2024
0,99.76993,150.2024
0,99.77037,150.2024
0,99.77081,150.2024
0,99.77126,150.2024
0,99.7717,150.2024
0,99.77214,150.2024
0,99.77258,150.2024
0,99.77303,150.2024
0,99.77347,150.2024
0,99.77391,150.2024
0,99.77435,150.2024
0,99.7748,150.2024
0,99.77524,150.2024
0,99.77568,150.2024
0,99.77612,150.2024
0,99.77657,150.2024
0,99.77701,150.2024
0,99.77745,150.2024
0,99.77789,150.2024
0,99.77834,150.2024
0,99.77878,150.2024
0,99.77922,150.2024
0,99.77966,150.2024
0,99.78011,150.2024
0,99.78055,150.2024
0,99.78099,150.2024
0,99.78143,150.2024
0,99.78188,150.2024
0,99.78232,150.2024
0,99.78276,150.2024
0,99.7832,150.2024
0,99.78365,150.2024
0,99.78409,150.2024
0,99.78453,150.2024
0,99.78497,150.2024
0,99.78542,150.2024
0,99.78586,150.2024
0,99.7863,150.2024
0,99.78674,150.2024
0,99.78719,150.2024
0,99.78763,150.2024
0,99.78807,150.2024
0,99.78851,150.2024
0,99.78896,150.2024
0,99.7894,150.2024
0,99.78984,150.2024
0,99.79028,150.2024
0,99.79073,150.2024
0,99.79117,150.2024
0,99.79161,150.2024
0,99.79205,150.2024
0,99.7925,150.2024
0,99.79294,150.2024
0,99.79338,150.2024
0,99.79382,150.2024
0,99.79427,150.2024
0,99.79471,150.2024
0,99.79515,150.2024
0,99.79559,150.2024
0,99.79604,150.2024
0,99.79648,150.2024
0,99.79692,150.2024
0,99.79736,150.2024
0,99.79781,150.2024
0,99.79825,150.2024
0,99.79869,150.2024
0,99.79913,150.2024
0,99.79958,150.2024
0,99.80002,150.2024
0,99.80046,150.2024
0,99.8009,150.2024
0,99.80135,150.2024
0,99.80179,150.2024
0,99.80223,150.2024
0,99.80267,150.2024
0,99.80312,150.2024
0,99.80356,150.2024
0,99.804,150.2024
0,99.80444,150.2024
0,99.80489,150.2024
0,99.80533,150.2024
0,99.80577,150.2024
0,99.80621,150.2024
0,99.80666,150.2024
0,99.8071,150.2024
0,99.80754,150.2024
0,99.80798,150.2024
0,99.80843,150.2024
0,99.80887,150.2024
0,99.80931,150.2024
0,99.80975,150.2024
0,99.8102,150.2024
0,99.81064,150.2024
0,99.81108,150.2024
0,99.81152,150.2024
0,99.81197,150.2024
0,99.81241,150.2024
0,99.81285,150.2024
0,99.81329,150.2024
0,99.81374,150.2024
0,99.81418,150.2024
0,99.81462,150.2024
0,99.81506,150.2024
0,99.81551,150.2024
0,99.81595,150.2024
0,99.81639,150.2024
0,99.81683,150.2024
0,99.81728,150.2024
0,99.81772,150.2024
0,99.81816,150.2024
0,99.8186,150.2024
0,99.81905,150.2024
0,99.81949,150.2024
0,99.81993,150.2024
0,99.82037,150.2024
0,99.82082,150.2024
0,99.82126,150.2024
0,99.8217,150.2024
0,99.82214,150.2024
0,99.82259,150.2024
0,99.82303,150.2024
0,99.82347,150.2024
0,99.82391,150.2024
0,99.82436,150.2024
0,99.8248,150.2024
0,99.82524,150.2024
0,99.82568,150.2024
0,99.82613,150.2024
0,99.82657,150.2024
0,99.82701,150.2024
0,99.82745,150.2024
0,99.8279,150.2024
0,99.82834,150.2024
0,99.82878,150.2024
0,99.82922,150.2024
0,99.82967,150.2024
0,99.83011,150.2024
0,99.83055,150.2024
0,99.83099,150.2024
0,99.83144,150.2024
0,99.83188,150.2024
0,99.83232,150.2024
0,99.83276,150.2024
0,99.83321,150.2024
0,99.83365,150.2024
0,99.83409,150.2024
0,99.83453,150.2024
0,99.83498,150.2024
0,99.83542,150.2024
0,99.83586,150.2024
0,99.8363,150.2024
0,99.83675,150.2024
0,99.83719,150.2024
0,99.83763,150.2024
0,99.83807,150.2024
0,99.83852,150.2024
0,99.83896,150.2024
0,99.8394,150.2024
0,99.83984,150.2024
0,99.84029,150.2024
0,99.84073,150.2024
0,99.84117,150.2024
0,99.84161,150.2024
0,99.84206,150.2024
0,99.8425,150.2024
0,99.84294,150.2024
0,99.84338,150.2024
0,99.84383,150.2024
0,99.84427,150.2024
0,99.84471,150.2024
0,99.84515,150.2024
0,99.8456,150.2024
0,99.84604,150.2024
0,99.84648,150.2024
0,99.84692,150.2024
0,99.84737,150.2024
0,99.84781,150.2024
0,99.84825,150.2024
0,99.84869,150.2024
0,99.84914,150.2024
0,99.84958,150.2024
0,99.85002,150.2024
0,99.85046,150.2024
0,99.85091,150.2024
0,99.85135,150.2024
0,99.85179,150.2024
0,99.85223,150.2024
0,99.85268,150.2024
0,99.85312,150.2024
0,99.85356,150.2024
0,99.854,150.2024
0,99.85445,150.2024
0,99.85489,150.2024
0,99.85533,150.2024
0,99.85577,150.2024
0,99.85622,150.2024
0,99.85666,150.2024
0,99.8571,150.2024
0,99.85754,150.2024
0,99.85799,150.2024
0,99.85843,150.2024
0,99.85887,150.2024
0,99.85931,150.2024
0,99.85976,150.2024
0,99.8602,150.2024
0,99.86064,150.2024
0,99.86108,150.2024
0,99.86153,150.2024
0,99.86197,150.2024
0,99.86241,150.2024
0,99.86285,150.2024
0,99.8633,150.2024
0,99.86374,150.2024
0,99.86418,150.2024
0,99.86462,150.2024
0,99.86507,150.2024
0,99.86551,150.2024
0,99.86595,150.2024
0,99.86639,150.2024
0,99.86684,150.2024
0,99.86728,150.2024
0,99.86772,150.2024
0,99.86816,150.2024
0,99.86861,150.2024
0,99.86905,150.2024
0,99.86949,150.2024
0,99.86993,150.2024
0,99.87038,150.2024
0,99.87082,150.2024
0,99.87126,150.2024
0,99.8717,150.2024
0,99.87215,150.2024
0,99.87259,150.2024
0,99.87303,150.2024
0,99.87347,150.2024
0,99.87392,150.2024
0,99.87436,150.2024
0,99.8748,150.2024
0,99.87524,150.2024
0,99.87569,150.2024
0,99.87613,150.2024
0,99.87657,150.2024
0,99.87701,150.2024
0,99.87746,150.2024
0,99.8779,150.2024
0,99.87834,150.2024
0,99.87878,150.2024
0,99.87923,150.2024
0,99.87967,150.2024
0,99.88011,150.2024
0,99.88055,150.2024
0,99.881,150.2024
0,99.88144,150.2024
0,99.88188,150.2024
0,99.88232,150.2024
0,99.88277,150.2024
0,99.88321,150.2024
0,99.88365,150.2024
0,99.88409,150.2024
0,99.88454,150.2024
0,99.88498,150.2024
0,99.88542,150.2024
0,99.88586,150.2024
0,99.88631,150.2024
0,99.88675,150.2024
0,99.88719,150.2024
0,99.88763,150.2024
0,99.88808,150.2024
0,99.88852,150.2024
0,99.88896,150.2024
0,99.8894,150.2024
0,99.88985,150.2024
0,99.89029,150.2024
0,99.89073,150.2024
0,99.89117,150.2024
0,99.89162,150.2024
0,99.89206,150.2024
0,99.8925,150.2024
0,99.89294,150.2024
0,99.89339,150.2024
0,99.89383,150.2024
0,99.89427,150.2024
0,99.89471,150.2024
0,99.89516,150.2024
0,99.8956,150.2024
0,99.89604,150.2024
0,99.89648,150.2024
0,99.89693,150.2024
0,99.89737,150.2024
0,99.89781,150.2024
0,99.89825,150.2024
0,99.8987,150.2024
0,99.89914,150.2024
0,99.89958,150.2024
0,99.90002,150.2024
0,99.90047,150.2024
0,99.90091,150.2024
0,99.90135,150.2024
0,99.90179,150.2024
0,99.90224,150.2024
0,99.90268,150.2024
0,99.90312,150.2024
0,99.90356,150.2024
0,99.90401,150.2024
0,99.90445,150.2024
0,99.90489,150.2024
0,99.90533,150.2024
0,99.90578,150.2024
0,99.90622,150.2024
0,99.90666,150.2024
0,99.9071,150.2024
0,99.90755,150.2024
0,99.90799,150.2024
0,99.90843,150.2024
0,99.90887,150.2024
0,99.90932,150.2024
0,99.90976,150.2024
0,99.9102,150.2024
0,99.91064,150.2024
0,99.91109,150.2024
0,99.91153,150.2024
0,99.91197,150.2024
0,99.91241,150.2024
0,99.91286,150.2024
0,99.9133,150.2024
0,99.91374,150.2024
0,99.91418,150.2024
0,99.91463,150.2024
0,99.91507,150.2024
0,99.91551,150.2024
0,99.91595,150.2024
0,99.9164,150.2024
0,99.91684,150.2024
0,99.91728,150.2024
0,99.91772,150.2024
0,99.91817,150.2024
0,99.91861,150.2024
0,99.91905,150.2024
0,99.91949,150.2024
0,99.91994,150.2024
0,99.92038,150.2024
0,99.92082,150.2024
0,99.92126,150.2024
0,99.92171,150.2024
0,99.92215,150.2024
0,99.92259,150.2024
0,99.92303,150.2024
0,99.92348,150.2024
0,99.92392,150.2024
0,99.92436,150.2024
0,99.9248,150.2024
0,99.92525,150.2024
0,99.92569,150.2024
0,99.92613,150.2024
0,99.92657,150.2024
0,99.92702,150.2024
0,99.92746,150.2024
0,99.9279,150.2024
0,99.92834,150.2024
0,99.92879,150.2024
0,99.92923,150.2024
0,99.92967,150.2024
0,99.93011,150.2024
0,99.93056,150.2024
0,99.931,150.2024
0,99.93144,150.2024
0,99.93188,150.2024
0,99.93233,150.2024
0,99.93277,150.2024
0,99.93321,150.2024
0,99.93365,150.2024
0,99.9341,150.2024
0,99.93454,150.2024
0,99.93498,150.2024
0,99.93542,150.2024
0,99.93587,150.2024
0,99.93631,150.2024
0,99.93675,150.2024
0,99.93719,150.2024
0,99.93764,150.2024
0,99.93808,150.2024
0,99.93852,150.2024
0,99.93896,150.2024
0,99.93941,150.2024
0,99.93985,150.2024
0,99.94029,150.2024
0,99.94073,150.2024
0,99.94118,150.2024
0,99.94162,150.2024
0,99.94206,150.2024
0,99.9425,150.2024
0,99.94295,150.2024
0,99.94339,150.2024
0,99.94383,150.2024
0,99.94427,150.2024
0,99.94472,150.2024
0,99.94516,150.2024
0,99.9456,150.2024
0,99.94604,150.2024
0,99.94649,150.2024
0,99.94693,150.2024
0,99.94737,150.2024
0,99.94781,150.2024
0,99.94826,150.2024
0,99.9487,150.2024
0,99.94914,150.2024
0,99.94958,150.2024
0,99.95003,150.2024
0,99.95047,150.2024
0,99.95091,150.2024
0,99.95135,150.2024
0,99.9518,150.2024
0,99.95224,150.2024
0,99.95268,150.2024
0,99.95313,150.2024
0,99.95357,150.2024
0,99.95401,150.2024
0,99.95445,150.2024
0,99.9549,150.2024
0,99.95534,150.2024
0,99.95578,150.2024
0,99.95622,150.2024
0,99.95667,150.2024
0,99.95711,150.2024
0,99.95755,150.2024
0,99.95799,150.2024
0,99.95844,150.2024
0,99.95888,150.2024
0,99.95932,150.2024
0,99.95976,150.2024
0,99.96021,150.2024
0,99.96065,150.2024
0,99.96109,150.2024
0,99.96153,150.2024
0,99.96198,150.2024
0,99.96242,150.2024
0,99.96286,150.2024
0,99.9633,150.2024
0,99.96375,150.2024
0,99.96419,150.2024
0,99.96463,150.2024
0,99.96507,150.2024
0,99.96552,150.2024
0,99.96596,150.2024
0,99.9664,150.2024
0,99.96684,150.2024
0,99.96729,150.2024
0,99.96773,150.2024
0,99.96817,150.2024
0,99.96861,150.2024
0,99.96906,150.2024
0,99.9695,150.2024
0,99.96994,150.2024
0,99.97038,150.2024
0,99.97083,150.2024
0,99.97127,150.2024
0,99.97171,150.2024
0,99.97215,150.2024
0,99.9726,150.2024
0,99.97304,150.2024
0,99.97348,150.2024
0,99.97392,150.2024
0,99.97437,150.2024
0,99.97481,150.2024
0,99.97525,150.2024
0,99.97569,150.2024
0,99.97614,150.2024
0,99.97658,150.2024
0,99.97702,150.2024
0,99.97746,150.2024
0,99.97791,150.2024
0,99.97835,150.2024
0,99.97879,150.2024
0,99.97923,150.2024
0,99.97968,150.2024
0,99.98012,150.2024
0,99.98056,150.2024
0,99.981,150.2024
0,99.98145,150.2024
0,99.98189,150.2024
0,99.98233,150.2024
0,99.98277,150.2024
0,99.98322,150.2024
0,99.98366,150.2024
0,99.9841,150.2024
0,99.98454,150.2024
0,99.98499,150.2024
0,99.98543,150.2024
0,99.98587,150.2024
0,99.98631,150.2024
0,99.98676,150.2024
0,99.9872,150.2024
0,99.98764,150.2024
0,99.98808,150.2024
0,99.98853,150.2024
0,99.98897,150.2024
0,99.98941,150.2024
0,99.98985,150.2024
0,99.9903,150.2024
0,99.99074,150.2024
0,99.99118,150.2024
0,99.99162,150.2024
0,99.99207,150.2024
0,99.99251,150.2024
0,99.99295,150.2024
0,99.99339,150.2024
0,99.99384,150.2024
0,99.99428,150.2024
0,99.99472,150.2024
0,99.99516,150.2024
0,99.99561,150.2024
0,99.99605,150.2024
0,99.99649,150.2024
0,99.99693,150.2024
0,99.99738,150.2024
0,99.99782,150.2024
0,99.99826,150.2024
0,99.9987,150.2024
0,99.99915,150.2024
0,99.99959,150.2024
0,100,150.2024
0,100.0005,150.2024
0,100.0009,150.2024
0,100.0014,150.2024
0,100.0018,150.2024
0,100.0022,150.2024
0,100.0027,150.2024
0,100.0031,150.2024
0,100.0036,150.2024
0,100.004,150.2024
0,100.0045,150.2024
0,100.0049,150.2024
0,100.0053,150.2024
0,100.0058,150.2024
0,100.0062,150.2024
0,100.0067,150.2024
0,100.0071,150.2024
0,100.0076,150.2024
0,100.008,150.2024
0,100.0084,150.2024
0,100.0089,150.2024
0,100.0093,150.2024
0,100.0098,150.2024
0,100.0102,150.2024
0,100.0107,150.2024
0,100.0111,150.2024
0,100.0115,150.2024
0,100.012,150.2024
0,100.0124,150.2024
0,100.0129,150.2024
0,100.0133,150.2024
0,100.0137,150.2024
0,100.0142,150.2024
0,100.0146,150.2024
0,100.0151,150.2024
0,100.0155,150.2024
0,100.016,150.2024
0,100.0164,150.2024
0,100.0168,150.2024
0,100.0173,150.2024
0,100.0177,150.2024
0,100.0182,150.2024
0,100.0186,150.2024
0,100.0191,150.2024
0,100.0195,150.2024
0,100.0199,150.2024
0,100.0204,150.2024
0,100.0208,150.2024
0,100.0213,150.2024
0,100.0217,150.2024
0,100.0222,150.2024
0,100.0226,150.2024
0,100.023,150.2024
0,100.0235,150.2024
0,100.0239,150.2024
0,100.0244,150.2024
0,100.0248,150.2024
0,100.0253,150.2024
0,100.0257,150.2024
0,100.0261,150.2024
0,100.0266,150.2024
0,100.027,150.2024
0,100.0275,150.2024
0,100.0279,150.2024
0,100.0284,150.2024
0,100.0288,150.2024
0,100.0292,150.2024
0,100.0297,150.2024
0,100.0301,150.2024
0,100.0306,150.2024
0,100.031,150.2024
0,100.0314,150.2024
0,100.0319,150.2024
0,100.0323,150.2024
0,100.0328,150.2024
0,100.0332,150.2024
0,100.0337,150.2024
0,100.0341,150.2024
0,100.0345,150.2024
0,100.035,150.2024
0,100.0354,150.2024
0,100.0359,150.2024
0,100.0363,150.2024
0,100.0368,150.2024
0,100.0372,150.2024
0,100.0376,150.2024
0,100.0381,150.2024
0,100.0385,150.2024
0,100.039,150.2024
0,100.0394,150.2024
0,100.0399,150.2024
0,100.0403,150.2024
0,100.0407,150.2024
0,100.0412,150.2024
0,100.0416,150.2024
0,100.0421,150.2024
0,100.0425,150.2024
0,100.043,150.2024
0,100.0434,150.2024
0,100.0438,150.2024
0,100.0443,150.2024
0,100.0447,150.2024
0,100.0452,150.2024
0,100.0456,150.2024
0,100.0461,150.2024
0,100.0465,150.2024
0,100.0469,150.2024
0,100.0474,150.2024
0,100.0478,150.2024
0,100.0483,150.2024
0,100.0487,150.2024
0,100.0491,150.2024
0,100.0496,150.2024
0,100.05,150.2024
0,100.0505,150.2024
0,100.0509,150.2024
0,100.0514,150.2024
0,100.0518,150.2024
0,100.0522,150.2024
0,100.0527,150.2024
0,100.0531,150.2024
0,100.0536,150.2024
0,100.054,150.2024
0,100.0545,150.2024
0,100.0549,150.2024
0,100.0553,150.2024
0,100.0558,150.2024
0,100.0562,150.2024
0,100.0567,150.2024
0,100.0571,150.2024
0,100.0576,150.2024
0,100.058,150.2024
0,100.0584,150.2024
0,100.0589,150.2024
0,100.0593,150.2024
0,100.0598,150.2024
0,100.0602,150.2024
0,100.0607,150.2024
0,100.0611,150.2024
0,100.0615,150.2024
0,100.062,150.2024
0,100.0624,150.2024
0,100.0629,150.2024
0,100.0633,150.2024
0,100.0638,150.2024
0,100.0642,150.2024
0,100.0646,150.2024
0,100.0651,150.2024
0,100.0655,150.2024
0,100.066,150.2024
0,100.0664,150.2024
0,100.0668,150.2024
0,100.0673,150.2024
0,100.0677,150.2024
0,100.0682,150.2024
0,100.0686,150.2024
0,100.0691,150.2024
0,100.0695,150.2024
0,100.0699,150.2024
0,100.0704,150.2024
0,100.0708,150.2024
0,100.0713,150.2024
0,100.0717,150.2024
0,100.0722,150.2024
0,100.0726,150.2024
0,100.073,150.2024
0,100.0735,150.2024
0,100.0739,150.2024
0,100.0744,150.2024
0,100.0748,150.2024
0,100.0753,150.2024
0,100.0757,150.2024
0,100.0761,150.2024
0,100.0766,150.2024
0,100.077,150.2024
0,100.0775,150.2024
0,100.0779,150.2024
0,100.0784,150.2024
0,100.0788,150.2024
0,100.0792,150.2024
0,100.0797,150.2024
0,100.0801,150.2024
0,100.0806,150.2024
0,100.081,150.2024
0,100.0815,150.2024
0,100.0819,150.2024
0,100.0823,150.2024
0,100.0828,150.2024
0,100.0832,150.2024
0,100.0837,150.2024
0,100.0841,150.2024
0,100.0845,150.2024
0,100.085,150.2024
0,100.0854,150.2024
0,100.0859,150.2024
0,100.0863,150.2024
0,100.0868,150.2024
0,100.0872,150.2024
0,100.0876,150.2024
0,100.0881,150.2024
0,100.0885,150.2024
0,100.089,150.2024
0,100.0894,150.2024
0,100.0899,150.2024
0,100.0903,150.2024
0,100.0907,150.2024
0,100.0912,150.2024
0,100.0916,150.2024
0,100.0921,150.2024
0,100.0925,150.2024
0,100.093,150.2024
0,100.0934,150.2024
0,100.0938,150.2024
0,100.0943,150.2024
0,100.0947,150.2024
0,100.0952,150.2024
0,100.0956,150.2024
0,100.0961,150.2024
0,100.0965,150.2024
0,100.0969,150.2024
0,100.0974,150.2024
0,100.0978,150.2024
0,100.0983,150.2024
0,100.0987,150.2024
0,100.0992,150.2024
0,100.0996,150.2024
0,100.1,150.2024
0,100.1005,150.2024
0,100.1009,150.2024
0,100.1014,150.2024
0,100.1018,150.2024
0,100.1022,150.2024
0,100.1027,150.2024
0,100.1031,150.2024
0,100.1036,150.2024
0,100.104,150.2024
0,100.1045,150.2024
0,100.1049,150.2024
0,100.1053,150.2024
0,100.1058,150.2024
0,100.1062,150.2024
0,100.1067,150.2024
0,100.1071,150.2024
0,100.1076,150.2024
0,100.108,150.2024
0,100.1084,150.2024
0,100.1089,150.2024
0,100.1093,150.2024
0,100.1098,150.2024
0,100.1102,150.2024
0,100.1107,150.2024
0,100.1111,150.2024
0,100.1115,150.2024
0,100.112,150.2024
0,100.1124,150.2024
0,100.1129,150.2024
0,100.1133,150.2024
0,100.1138,150.2024
0,100.1142,150.2024
0,100.1146,150.2024
0,100.1151,150.2024
0,100.1155,150.2024
0,100.116,150.2024
0,100.1164,150.2024
0,100.1169,150.2024
0,100.1173,150.2024
0,100.1177,150.2024
0,100.1182,150.2024
0,100.1186,150.2024
0,100.1191,150.2024
0,100.1195,150.2024
0,100.1199,150.2024
0,100.1204,150.2024
0,100.1208,150.2024
0,100.1213,150.2024
0,100.1217,150.2024
0,100.1222,150.2024
0,100.1226,150.2024
0,100.123,150.2024
0,100.1235,150.2024
0,100.1239,150.2024
0,100.1244,150.2024
0,100.1248,150.2024
0,100.1253,150.2024
0,100.1257,150.2024
0,100.1261,150.2024
0,100.1266,150.2024
0,100.127,150.2024
0,100.1275,150.2024
0,100.1279,150.2024
0,100.1284,150.2024
0,100.1288,150.2024
0,100.1292,150.2024
0,100.1297,150.2024
0,100.1301,150.2024
0,100.1306,150.2024
0,100.131,150.2024
0,100.1315,150.2024
0,100.1319,150.2024
0,100.1323,150.2024
0,100.1328,150.2024
0,100.1332,150.2024
0,100.1337,150.2024
0,100.1341,150.2024
0,100.1346,150.2024
0,100.135,150.2024
0,100.1354,150.2024
0,100.1359,150.2024
0,100.1363,150.2024
0,100.1368,150.2024
0,100.1372,150.2024
0,100.1376,150.2024
0,100.1381,150.2024
0,100.1385,150.2024
0,100.139,150.2024
0,100.1394,150.2024
0,100.1399,150.2024
0,100.1403,150.2024
0,100.1407,150.2024
0,100.1412,150.2024
0,100.1416,150.2024
0,100.1421,150.2024
0,100.1425,150.2024
0,100.143,150.2024
0,100.1434,150.2024
0,100.1438,150.2024
0,100.1443,150.2024
0,100.1447,150.2024
0,100.1452,150.2024
0,100.1456,150.2024
0,100.1461,150.2024
0,100.1465,150.2024
0,100.1469,150.2024
0,100.1474,150.2024
0,100.1478,150.2024
0,100.1483,150.2024
0,100.1487,150.2024
0,100.1492,150.2024
0,100.1496,150.2024
0,100.15,150.2024
0,100.1505,150.2024
0,100.1509,150.2024
0,100.1514,150.2024
0,100.1518,150.2024
0,100.1523,150.2024
0,100.1527,150.2024
0,100.1531,150.2024
0,100.1536,150.2024
0,100.154,150.2024
0,100.1545,150.2024
0,100.1549,150.2024
0,100.1553,150.2024
0,100.1558,150.2024
0,100.1562,150.2024
0,100.1567,150.2024
0,100.1571,150.2024
0,100.1576,150.2024
0,100.158,150.2024
0,100.1584,150.2024
0,100.1589,150.2024
0,100.1593,150.2024
0,100.1598,150.2024
0,100.1602,150.2024
0,100.1607,150.2024
0,100.1611,150.2024
0,100.1615,150.2024
0,100.162,150.2024
0,100.1624,150.2024
0,100.1629,150.2024
0,100.1633,150.2024
0,100.1638,150.2024
0,100.1642,150.2024
0,100.1646,150.2024
0,100.1651,150.2024
0,100.1655,150.2024
0,100.166,150.2024
0,100.1664,150.2024
0,100.1669,150.2024
0,100.1673,150.2024
0,100.1677,150.2024
0,100.1682,150.2024
0,100.1686,150.2024
0,100.1691,150.2024
0,100.1695,150.2024
0,100.17,150.2024
0,100.1704,150.2024
0,100.1708,150.2024
0,100.1713,150.2024
0,100.1717,150.2024
0,100.1722,150.2024
0,100.1726,150.2024
0,100.173,150.2024
0,100.1735,150.2024
0,100.1739,150.2024
0,100.1744,150.2024
0,100.1748,150.2024
0,100.1753,150.2024
0,100.1757,150.2024
0,100.1761,150.2024
0,100.1766,150.2024
0,100.177,150.2024
0,100.1775,150.2024
0,100.1779,150.2024
0,100.1784,150.2024
0,100.1788,150.2024
0,100.1792,150.2024
0,100.1797,150.2024
0,100.1801,150.2024
0,100.1806,150.2024
0,100.181,150.2024
0,100.1815,150.2024
0,100.1819,150.2024
0,100.1823,150.2024
0,100.1828,150.2024
0,100.1832,150.2024
0,100.1837,150.2024
0,100.1841,150.2024
0,100.1846,150.2024
0,100.185,150.2024
0,100.1854,150.2024
0,100.1859,150.2024
0,100.1863,150.2024
0,100.1868,150.2024
0,100.1872,150.2024
0,100.1877,150.2024
0,100.1881,150.2024
0,100.1885,150.2024
0,100.189,150.2024
0,100.1894,150.2024
0,100.1899,150.2024
0,100.1903,150.2024
0,100.1908,150.2024
0,100.1912,150.2024
0,100.1916,150.2024
0,100.1921,150.2024
0,100.1925,150.2024
0,100.193,150.2024
0,100.1934,150.2024
0,100.1938,150.2024
0,100.1943,150.2024
0,100.1947,150.2024
0,100.1952,150.2024
0,100.1956,150.2024
0,100.1961,150.2024
0,100.1965,150.2024
0,100.1969,150.2024
0,100.1974,150.2024
0,100.1978,150.2024
0,100.1983,150.2024
0,100.1987,150.2024
0,100.1992,150.2024
0,100.1996,150.2024
0,100.2,150.2024
0,100.2005,150.2024
0,100.2009,150.2024
0,100.2014,150.2024
0,100.2018,150.2024
0,100.2023,150.2024
0,100.2027,150.2024
0,100.2031,150.2024
0,100.2036,150.2024
0,100.204,150.2024
0,100.2045,150.2024
0,100.2049,150.2024
0,100.2054,150.2024
0,100.2058,150.2024
0,100.2062,150.2024
0,100.2067,150.2024
0,100.2071,150.2024
0,100.2076,150.2024
0,100.208,150.2024
0,100.2085,150.2024
0,100.2089,150.2024
0,100.2093,150.2024
0,100.2098,150.2024
0,100.2102,150.2024
0,100.2107,150.2024
0,100.2111,150.2024
0,100.2115,150.2024
0,100.212,150.2024
0,100.2124,150.2024
0,100.2129,150.2024
0,100.2133,150.2024
0,100.2138,150.2024
0,100.2142,150.2024
0,100.2146,150.2024
0,100.2151,150.2024
0,100.2155,150.2024
0,100.216,150.2024
0,100.2164,150.2024
0,100.2169,150.2024
0,100.2173,150.2024
0,100.2177,150.2024
0,100.2182,150.2024
0,100.2186,150.2024
0,100.2191,150.2024
0,100.2195,150.2024
0,100.22,150.2024
0,100.2204,150.2024
0,100.2208,150.2024
0,100.2213,150.2024
0,100.2217,150.2024
0,100.2222,150.2024
0,100.2226,150.2024
0,100.2231,150.2024
0,100.2235,150.2024
0,100.2239,150.2024
0,100.2244,150.2024
0,100.2248,150.2024
0,100.2253,150.2024
0,100.2257,150.2024
0,100.2262,150.2024
0,100.2266,150.2024
0,100.227,150.2024
0,100.2275,150.2024
0,100.2279,150.2024
0,100.2284,150.2024
0,100.2288,150.2024
0,100.2292,150.2024
0,100.2297,150.2024
0,100.2301,150.2024
0,100.2306,150.2024
0,100.231,150.2024
0,100.2315,150.2024
0,100.2319,150.2024
0,100.2323,150.2024
0,100.2328,150.2024
0,100.2332,150.2024
0,100.2337,150.2024
0,100.2341,150.2024
0,100.2346,150.2024
0,100.235,150.2024
0,100.2354,150.2024
0,100.2359,150.2024
0,100.2363,150.2024
0,100.2368,150.2024
0,100.2372,150.2024
0,100.2377,150.2024
0,100.2381,150.2024
0,100.2385,150.2024
0,100.239,150.2024
0,100.2394,150.2024
0,100.2399,150.2024
0,100.2403,150.2024
0,100.2408,150.2024
0,100.2412,150.2024
0,100.2416,150.2024
0,100.2421,150.2024
0,100.2425,150.2024
0,100.243,150.2024
0,100.2434,150.2024
0,100.2439,150.2024
0,100.2443,150.2024
0,100.2447,150.2024
0,100.2452,150.2024
0,100.2456,150.2024
0,100.2461,150.2024
0,100.2465,150.2024
0,100.2469,150.2024
0,100.2474,150.2024
0,100.2478,150.2024
0,100.2483,150.2024
0,100.2487,150.2024
0,100.2492,150.2024
0,100.2496,150.2024
0,100.25,150.2024
0,100.2505,150.2024
0,100.2509,150.2024
0,100.2514,150.2024
0,100.2518,150.2024
0,100.2523,150.2024
0,100.2527,150.2024
0,100.2531,150.2024
0,100.2536,150.2024
0,100.254,150.2024
0,100.2545,150.2024
0,100.2549,150.2024
0,100.2554,150.2024
0,100.2558,150.2024
0,100.2562,150.2024
0,100.2567,150.2024
0,100.2571,150.2024
0,100.2576,150.2024
0,100.258,150.2024
0,100.2585,150.2024
0,100.2589,150.2024
0,100.2593,150.2024
0,100.2598,150.2024
0,100.2602,150.2024
0,100.2607,150.2024
0,100.2611,150.2024
0,100.2616,150.2024
0,100.262,150.2024
0,100.2624,150.2024
0,100.2629,150.2024
0,100.2633,150.2024
0,100.2638,150.2024
0,100.2642,150.2024
0,100.2646,150.2024
0,100.2651,150.2024
0,100.2655,150.2024
0,100.266,150.2024
0,100.2664,150.2024
0,100.2669,150.2024
0,100.2673,150.2024
0,100.2677,150.2024
0,100.2682,150.2024
0,100.2686,150.2024
0,100.2691,150.2024
0,100.2695,150.2024
0,100.27,150.2024
0,100.2704,150.2024
0,100.2708,150.2024
0,100.2713,150.2024
0,100.2717,150.2024
0,100.2722,150.2024
0,100.2726,150.2024
0,100.2731,150.2024
0,100.2735,150.2024
0,100.2739,150.2024
0,100.2744,150.2024
0,100.2748,150.2024
0,100.2753,150.2024
0,100.2757,150.2024
0,100.2762,150.2024
0,100.2766,150.2024
0,100.277,150.2024
0,100.2775,150.2024
0,100.2779,150.2024
0,100.2784,150.2024
0,100.2788,150.2024
0,100.2793,150.2024
0,100.2797,150.2024
0,100.2801,150.2024
0,100.2806,150.2024
0,100.281,150.2024
0,100.2815,150.2024
0,100.2819,150.2024
0,100.2823,150.2024
0,100.2828,150.2024
0,100.2832,150.2024
0,100.2837,150.2024
0,100.2841,150.2024
0,100.2846,150.2024
0,100.285,150.2024
0,100.2854,150.2024
0,100.2859,150.2024
0,100.2863,150.2024
0,100.2868,150.2024
0,100.2872,150.2024
0,100.2877,150.2024
0,100.2881,150.2024
0,100.2885,150.2024
0,100.289,150.2024
0,100.2894,150.2024
0,100.2899,150.2024
0,100.2903,150.2024
0,100.2908,150.2024
0,100.2912,150.2024
0,100.2916,150.2024
0,100.2921,150.2024
0,100.2925,150.2024
0,100.293,150.2024
0,100.2934,150.2024
0,100.2939,150.2024
0,100.2943,150.2024
0,100.2947,150.2024
0,100.2952,150.2024
0,100.2956,150.2024
0,100.2961,150.2024
0,100.2965,150.2024
0,100.297,150.2024
0,100.2974,150.2024
0,100.2978,150.2024
0,100.2983,150.2024
0,100.2987,150.2024
0,100.2992,150.2024
0,100.2996,150.2024
0,100.3,150.2024
0,100.3005,150.2024
0,100.3009,150.2024
0,100.3014,150.2024
0,100.3018,150.2024
0,100.3023,150.2024
0,100.3027,150.2024
0,100.3031,150.2024
0,100.3036,150.2024
0,100.304,150.2024
0,100.3045,150.2024
0,100.3049,150.2024
0,100.3054,150.2024
0,100.3058,150.2024
0,100.3062,150.2024
0,100.3067,150.2024
0,100.3071,150.2024
0,100.3076,150.2024
0,100.308,150.2024
0,100.3085,150.2024
0,100.3089,150.2024
0,100.3093,150.2024
0,100.3098,150.2024
0,100.3102,150.2024
0,100.3107,150.2024
0,100.3111,150.2024
0,100.3116,150.2024
0,100.312,150.2024
0,100.3124,150.2024
0,100.3129,150.2024
0,100.3133,150.2024
0,100.3138,150.2024
0,100.3142,150.2024
0,100.3147,150.2024
0,100.3151,150.2024
0,100.3155,150.2024
0,100.316,150.2024
0,100.3164,150.2024
0,100.3169,150.2024
0,100.3173,150.2024
0,100.3177,150.2024
0,100.3182,150.2024
0,100.3186,150.2024
0,100.3191,150.2024
0,100.3195,150.2024
0,100.32,150.2024
0,100.3204,150.2024
0,100.3208,150.2024
0,100.3213,150.2024
0,100.3217,150.2024
0,100.3222,150.2024
0,100.3226,150.2024
0,100.3231,150.2024
0,100.3235,150.2024
0,100.3239,150.2024
0,100.3244,150.2024
0,100.3248,150.2024
0,100.3253,150.2024
0,100.3257,150.2024
0,100.3262,150.2024
0,100.3266,150.2024
0,100.327,150.2024
0,100.3275,150.2024
0,100.3279,150.2024
0,100.3284,150.2024
0,100.3288,150.2024
0,100.3293,150.2024
0,100.3297,150.2024
0,100.3301,150.2024
0,100.3306,150.2024
0,100.331,150.2024
0,100.3315,150.2024
0,100.3319,150.2024
0,100.3324,150.2024
0,100.3328,150.2024
0,100.3332,150.2024
0,100.3337,150.2024
0,100.3341,150.2024
0,100.3346,150.2024
0,100.335,150.2024
0,100.3354,150.2024
0,100.3359,150.2024
0,100.3363,150.2024
0,100.3368,150.2024
0,100.3372,150.2024
0,100.3377,150.2024
0,100.3381,150.2024
0,100.3385,150.2024
0,100.339,150.2024
0,100.3394,150.2024
0,100.3399,150.2024
0,100.3403,150.2024
0,100.3408,150.2024
0,100.3412,150.2024
0,100.3416,150.2024
0,100.3421,130.7692
0,100.3425,130.7692
0,100.343,130.7692
0,100.3434,130.7692
0,100.3439,130.7692
0,100.3443,130.7692
0,100.3447,130.7692
0,100.3452,130.7692
0,100.3456,130.7692
0,100.3461,130.7692
0,100.3465,130.7692
0,100.347,130.7692
0,100.3474,130.7692
0,100.3478,130.7692
0,100.3483,130.7692
0,100.3487,130.7692
0,100.3492,130.7692
0,100.3496,130.7692
0,100.3501,130.7692
0,100.3505,130.7692
0,100.3509,130.7692
0,100.3514,130.7692
0,100.3518,130.7692
0,100.3523,130.7692
0,100.3527,130.7692
0,100.3531,130.7692
0,100.3536,130.7692
0,100.354,130.7692
0,100.3545,130.7692
0,100.3549,130.7692
0,100.3554,130.7692
0,100.3558,130.7692
0,100.3562,130.7692
0,100.3567,130.7692
0,100.3571,130.7692
0,100.3576,130.7692
0,100.358,130.7692
0,100.3585,130.7692
0,100.3589,130.7692
0,100.3593,130.7692
0,100.3598,130.7692
0,100.3602,130.7692
0,100.3607,130.7692
0,100.3611,130.7692
0,100.3616,130.7692
0,100.362,130.7692
0,100.3624,130.7692
0,100.3629,130.7692
0,100.3633,130.7692
0,100.3638,130.7692
0,100.3642,130.7692
0,100.3647,130.7692
0,100.3651,130.7692
0,100.3655,130.7692
0,100.366,130.7692
0,100.3664,130.7692
0,100.3669,130.7692
0,100.3673,130.7692
0,100.3678,130.7692
0,100.3682,130.7692
0,100.3686,130.7692
0,100.3691,130.7692
0,100.3695,130.7692
0,100.37,130.7692
0,100.3704,130.7692
0,100.3708,130.7692
0,100.3713,130.7692
0,100.3717,130.7692
0,100.3722,130.7692
0,100.3726,130.7692
0,100.3731,130.7692
0,100.3735,130.7692
0,100.3739,130.7692
0,100.3744,130.7692
0,100.3748,130.7692
0,100.3753,130.7692
0,100.3757,130.7692
0,100.3762,130.7692
0,100.3766,130.7692
0,100.377,130.7692
0,100.3775,130.7692
0,100.3779,130.7692
0,100.3784,130.7692
0,100.3788,128.3145
0,100.3793,128.3152
0,100.3797,128.3159
0,100.3801,128.3165
0,100.3806,128.3172
0,100.381,128.3179
0,100.3815,128.3186
0,100.3819,128.3192
0,100.3824,128.3199
0,100.3828,128.3206
0,100.3832,128.3212
0,100.3837,128.3219
0,100.3841,128.3226
0,100.3846,128.3233
0,100.385,128.3239
0,100.3855,128.3246
0,100.3859,128.3253
0,100.3863,128.3259
0,100.3868,128.3266
0,100.3872,128.3273
0,100.3877,128.328
0,100.3881,128.3286
0,100.3885,128.3293
0,100.389,128.33
0,100.3894,128.3306
0,100.3899,128.3313
0,100.3903,128.332
0,100.3908,128.3327
0,100.3912,128.3333
0,100.3916,128.334
0,100.3921,128.3347
0,100.3925,128.3353
0,100.393,128.336
0,100.3934,128.3367
0,100.3939,128.3374
0,100.3943,128.338
0,100.3947,128.3387
0,100.3952,128.3394
0,100.3956,128.34
0,100.3961,128.3407
0,100.3965,128.3414
0,100.397,128.3421
0,100.3974,128.3427
0,100.3978,128.3434
0,100.3983,128.3441
0,100.3987,128.3447
0,100.3992,128.3454
0,100.3996,128.3461
0,100.4001,128.3468
0,100.4005,128.3474
0,100.4009,128.3481
0,100.4014,128.3488
0,100.4018,128.3494
0,100.4023,128.3501
0,100.4027,128.3508
0,100.4032,128.3515
0,100.4036,128.3521
0,100.404,128.3528
0,100.4045,128.3535
0,100.4049,128.3541
0,100.4054,128.3548
0,100,128.3555
0,100,128.3562
0,100,128.3568
0,100,128.3575
0,100,128.3582
0,100,128.3588
0,100,128.3595
0,100,128.3602
0,100,128.3609
0,100,128.3615
0,100,128.3622
0,100,128.3629
0,100,128.3635
0,100,128.3642
0,100,128.3649
0,100,128.3656
0,100,128.3662
0,100,128.3669
0,100,128.3676
0,100,128.3682
0,100,128.3689
0,100,128.3696
0,100,128.3703
0,100,128.3709
0,100,128.3716
0,100,128.3723
0,100,128.3729
0,100,128.3736
0,100,128.3743
0,100,128.375
0,100,128.3756
0,100,128.3763
0,100,128.377
0,100,128.3776
0,100,128.3783
0,100,128.379
0,100,128.3797
0,100,128.3803
0,100,128.381
0,100,128.3817
0,100,128.3823
0,100,128.383
0,100,128.3837
0,100,128.3844
0,100,128.385
0,100,128.3857
0,100,128.3864
0,100,128.387
0,100,128.3877
0,100,128.3884
0,100,128.3891
0,100,128.3897
0,100,128.3904
0,100,128.3911
-1,100,128.3917
#MOTOR_P2
1,1,80
1,25.93407,81.37039
1,50.98901,82.74078
1,53.68917,84.11118
1,57.26844,85.48157
1,60.84772,86.85196
1,64.427,88.22235
1,68.00628,89.59274
1,71.58556,90.96313
1,75.16483,92.33353
1,78.74411,93.70392
1,82.32339,95.07431
1,85.90266,96.4447
1,89.48194,97.81509
1,93.06122,99.18549
1,96.6405,100.5559
1,100.2198,101.9263
1,100.204,103.2967
1,100.203,104.6671
1,100.2021,106.0374
1,100.2012,107.4078
1,100.2002,108.7782
1,100.1993,110.1486
1,100.1984,111.519
1,100.1974,112.8894
1,100.1965,114.2598
1,100.1956,115.6302
1,100.1946,117.0006
1,100.1937,118.371
1,100.1928,119.7414
1,100.1919,121.1118
1,100.1909,122.4821
1,100.19,123.8525
1,100.1891,125.2229
1,100.1881,126.5933
1,100.1872,127.9637
1,100.1863,129.3341
1,100.1853,130.7045
1,100.1844,132.0749
1,100.1835,133.4453
1,100.1825,134.8157
1,100.1816,136.1861
1,100.1807,137.5565
1,100.1798,138.9268
1,100.1788,140.2972
1,100.1779,141.6676
1,100.177,143.038
1,100.176,144.4084
1,100.1751,145.7788
1,100.1742,147.1492
1,100.1732,148.5196
1,100.1723,150.3297
1,100.1714,150.3297
1,100.1704,150.3297
1,100.1695,150.3297
1,100.1686,150.3297
1,100.1677,150.3297
1,100.1667,150.3297
1,100.1658,150.3297
1,100.1649,150.3297
1,100.1639,150.3297
1,100.163,150.3297
1,100.1621,150.3297
1,100.1611,150.3297
1,100.1602,150.3297
1,100.1593,150.3297
1,100.1583,150.3297
1,100.1574,150.3297
1,100.1565,150.3297
1,100.1556,150.3297
1,100.1546,150.3297
1,100.1537,150.3297
1,100.1528,150.3297
1,100.1518,150.3297
1,100.1509,150.3297
1,100.15,150.3297
1,100.149,150.3297
1,100.1481,150.3297
1,100.1472,150.3297
1,100.1462,150.3297
1,100.1453,150.3297
1,100.1444,150.3297
1,100.1435,150.3297
1,100.1425,150.3297
1,100.1416,150.3297
1,100.1407,150.3297
1,100.1397,150.3297
1,100.1388,150.3297
1,100.1379,150.3297
1,100.1369,150.3297
1,100.136,150.3297
1,100.1351,150.3297
1,100.1341,150.3297
1,100.1332,150.3297
1,100.1323,150.3297
1,100.2198,150.3297
2,98.46154,150.3297
2,99.24298,150.3297
2,100.0244,150.3297
2,100.8059,150.3297
2,101.5873,150.3297
2,102.3687,150.3297
2,103.1502,150.3297
2,103.9316,150.3297
2,104.7131,150.3297
3,96.7033,150.3297
3,97.24896,150.3297
3,97.79462,150.3297
3,98.34029,150.3297
3,98.88595,150.3297
3,99.43161,150.3297
3,99.97727,150.3297
3,100.5229,150.3297
3,101.0686,150.3297
3,101.6143,150.3297
3,102.1599,150.3297
3,102.7056,150.3297
3,103.2512,150.3297
3,103.7969,150.3297
3,104.3426,150.3297
3,104.8882,150.3297
3,105.4339,150.3297
3,105.9796,150.3297
3,106.5252,150.3297
3,107.0709,150.3297
3,107.6165,150.3297
3,108.1622,150.3297
3,108.7079,150.3297
3,109.2535,150.3297
3,109.7992,150.3297
3,110.3448,150.3297
3,110.8905,150.3297
3,111.4362,150.3297
3,111.9818,150.3297
3,112.5275,150.3297
4,106.3736,150.3297
4,107.033,150.3297
4,107.6923,150.3297
4,108.3516,150.3297
4,109.011,150.3297
5,101.978,150.3297
5,100.5011,150.3297
5,100.7824,150.3297
5,101.0637,150.3297
5,101.3451,150.3297
5,101.6264,150.3297
5,101.9077,150.3297
5,102.189,150.3297
5,102.4703,150.3297
5,102.7516,150.3297
5,103.033,150.3297
5,103.3143,150.3297
5,103.5956,150.3297
5,103.8769,150.3297
5,104.1582,150.3297
5,104.4396,150.3297
5,104.7209,150.3297
5,105.0022,150.3297
5,105.2835,150.3297
5,105.5648,150.3297
5,105.8462,150.3297
5,106.1275,150.3297
5,106.4088,150.3297
5,106.6901,150.3297
5,106.9714,150.3297
5,107.2527,150.3297
5,107.5341,150.3297
5,107.8154,150.3297
5,108.0967,150.3297
5,108.378,150.3297
5,108.6593,150.3297
5,108.9407,150.3297
5,109.222,150.3297
5,109.5033,150.3297
5,109.7846,150.3297
5,110.0659,150.3297
5,110.3473,150.3297
5,110.6286,150.3297
5,110.9099,150.3297
5,111.1912,150.3297
5,111.4725,150.3297
5,111.7538,150.3297
5,112.0352,150.3297
5,112.3165,150.3297
5,112.5978,150.3297
5,112.8791,150.3297
5,113.1604,150.3297
5,113.4418,150.3297
5,113.7231,150.3297
5,114.0044,150.3297
5,114.2857,150.3297
5,114.567,150.3297
5,114.8484,150.3297
5,115.1297,150.3297
5,115.411,150.3297
5,115.6923,150.3297
5,115.9736,150.3297
5,116.2549,150.3297
5,116.5363,150.3297
5,116.8176,150.3297
5,117.0989,150.3297
5,117.3802,150.3297
5,117.6615,150.3297
5,117.9429,150.3297
5,118.2242,150.3297
5,118.5055,150.3297
5,118.7868,150.3297
5,119.0681,150.3297
5,119.3494,150.3297
5,119.6308,150.3297
5,119.9121,150.3297
5,120.1934,150.3297
5,120.4747,150.3297
5,120.756,150.3297
5,121.0374,150.3297
5,121.3187,150.3297
5,121.6,150.3297
5,121.8813,150.3297
5,122.1626,150.3297
5,122.444,150.3297
5,122.7253,150.3297
5,123.0066,150.3297
5,123.2879,150.3297
5,123.5692,150.3297
5,123.8505,150.3297
5,124.1319,150.3297
5,124.4132,150.3297
5,124.6945,150.3297
5,124.9758,150.3297
5,125.2571,150.3297
5,125.5385,150.3297
5,125.8198,150.3297
5,126.1011,150.3297
5,126.3824,150.3297
5,126.6637,150.3297
5,126.9451,150.3297
5,127.2264,150.3297
5,127.5077,150.3297
5,127.789,150.3297
5,128.0703,150.3297
9,94.94505,150.3297
9,95.43346,150.3335
9,95.92186,150.3373
9,96.41026,150.3411
9,96.89867,150.3449
9,97.38707,150.3487
9,97.87547,150.3526
9,98.36388,150.3564
9,98.85228,150.3602
9,99.34068,150.364
9,99.06172,150.3678
9,99.32377,150.3716
9,99.58582,150.3754
9,99.84786,150.3793
9,100.1099,150.3831
9,100.372,150.3869
9,100.634,150.3907
9,100.896,150.3945
9,101.1581,150.3983
9,101.4201,150.4021
9,101.6822,150.406
9,101.9442,150.4098
9,102.2063,150.4136
9,102.4683,150.4174
9,102.7304,150.4212
9,102.9924,150.425
9,103.2545,150.4288
9,103.5165,150.4327
9,103.7786,150.4365
9,104.0406,150.4403
9,104.3027,150.4441
9,104.5647,150.4479
9,104.8268,150.4517
9,105.0888,150.4556
9,105.3508,150.4594
9,105.6129,150.4632
9,105.8749,150.467
9,106.137,150.4708
9,106.399,150.4746
9,106.6611,150.4784
9,106.9231,150.4823
9,107.1852,150.4861
9,107.4472,150.4899
9,107.7093,150.4937
9,107.9713,150.4975
9,108.2334,150.5013
9,108.4954,150.5051
9,108.7575,150.509
9,109.0195,150.5128
9,109.2815,150.5166
9,109.5436,150.5204
9,109.8056,150.5242
9,110.0677,150.528
9,110.3297,150.5318
9,110.5918,150.5357
9,110.8538,150.5395
9,111.1159,150.5433
9,111.3779,150.5471
9,111.64,150.5509
9,111.902,150.5547
9,112.1641,150.5585
9,112.4261,150.5624
9,112.6882,150.5662
9,112.9502,150.57
9,113.2122,150.5738
9,113.4743,150.5776
9,113.7363,150.5814
9,113.9984,150.5853
9,114.2604,150.5891
9,114.5225,150.5929
9,114.7845,150.5967
9,115.0466,150.6005
9,115.3086,150.6043
9,115.5707,150.6081
9,115.8327,150.612
9,116.0948,150.6158
9,116.3568,150.6196
9,116.6189,150.6234
9,116.8809,150.6272
9,117.143,150.631
9,117.405,150.6348
9,117.667,150.6387
9,117.9291,150.6425
9,118.1911,150.6463
9,118.4532,150.6501
9,118.7152,150.6539
9,118.9773,150.6577
9,119.2393,150.6615
9,119.5014,150.6654
9,119.7634,150.6692
9,120.0255,150.673
9,120.2875,150.6768
9,120.5496,150.6806
9,120.8116,150.6844
9,121.0737,150.6882
9,121.3357,150.6921
9,121.5977,150.6959
9,121.8598,150.6997
9,122.1218,150.7035
9,122.3839,150.7073
9,122.6459,150.7111
9,122.908,150.715
9,123.17,150.7188
9,123.4321,150.7226
9,123.6941,150.7264
9,123.9562,150.7302
9,124.2182,150.734
9,124.4803,150.7378
9,124.7423,150.7417
9,125.0044,150.7455
9,125.2664,150.7493
9,125.5285,150.7531
9,125.7905,150.7569
9,126.0525,150.7607
9,126.3146,150.7645
9,126.5766,150.7684
9,126.8387,150.7722
9,127.1007,150.776
9,127.3628,150.7798
9,127.6248,150.7836
9,127.8869,150.7874
9,128.1489,150.7912
9,128.4109,150.7951
9,128.673,150.7989
9,128.935,150.8027
9,129.1971,150.8065
9,129.4591,150.8103
9,129.7211,150.8141
9,129.9832,150.8179
9,130.2452,150.8218
9,130.5073,150.8256
9,130.7693,150.8294
9,131.0313,150.8332
9,131.2934,150.837
9,131.5554,150.8408
9,131.8175,150.8447
9,132.0795,150.8485
9,132.3415,150.8523
9,132.6036,150.8561
9,132.8656,150.8599
9,133.1277,150.8637
9,133.3897,150.8675
9,133.6517,150.8714
9,133.9138,150.8752
9,134.1758,150.879
9,134.4379,150.8828
9,134.6999,150.8866
9,134.9619,150.8904
9,135.224,150.8942
9,135.486,150.8981
9,135.748,150.9019
9,136.0101,150.9057
9,136.2721,150.9095
9,136.5342,150.9133
9,136.7962,150.9171
9,137.0582,150.9209
9,137.3203,150.9248
9,137.5823,150.9286
9,137.8444,150.9324
9,138.1064,150.9362
9,138.3684,150.3297
9,138.6305,147.3143
9,138.8925,144.2989
9,139.1546,141.2835
9,139.4166,138.2681
9,139.6786,135.2528
9,139.9407,132.2374
9,140.2027,129.222
9,140.4648,126.2066
9,140.7268,123.1912
9,140.9888,120.1759
9,141.2509,117.1605
9,141.5129,114.1451
9,141.7749,111.1297
9,142.037,108.1143
9,142.299,105.099
9,142.5611,102.0836
9,142.8231,99.06819
9,143.0851,96.05281
9,143.3472,93.03743
9,143.6092,90.02205
9,143.8713,87.00667
9,144.1333,83.99129
9,144.3953,80.97591
9,144.6574,77.96053
9,144.9194,74.94514
9,145.1815,71.92976
9,145.4435,68.91438
9,145.7055,65.899
9,145.9676,62.88362
9,146.2296,59.86823
9,146.4917,56.85285
9,146.7537,53.83746
9,147.0157,50.82208
9,147.2778,47.80669
9,147.5398,44.79131
9,147.8018,41.77592
9,148.0639,38.76054
9,148.3259,35.74516
9,148.588,32.72977
9,148.85,29.71439
9,149.112,26.699
9,149.3741,23.68362
9,149.6361,20.66823
9,149.8982,17.65285
9,150.1602,14.63746
9,150.4222,11.62208
9,150.6843,8.606693
9,150.9463,5.591309
9,151.2084,2.575924
-1,100,0
#MOTOR_B1
0,50.20243,81.37652
0,2.42915,82.75304
0,56.68016,84.12955
0,59.61539,85.50607
0,62.75304,86.88259
0,65.89069,88.25911
0,69.02834,89.63563
0,72.16599,91.01215
0,75.30364,92.38866
0,78.44129,93.76518
0,81.57894,95.1417
0,84.71659,96.51822
0,87.85424,97.89474
0,90.99189,99.27126
0,94.12954,100.6478
0,97.26719,102.0243
0,100.4049,103.4008
0,100.4049,104.7773
0,100.4049,106.1538
0,100.4049,107.5304
0,100.4049,108.9069
0,100.4049,110.2834
0,100.4049,111.6599
0,100.4049,113.0364
0,100.4049,114.413
0,100.4049,115.7895
0,100.4049,117.166
0,100.4049,118.5425
0,100.4049,119.919
0,100.4049,121.2955
0,100.4049,122.6721
0,100.4049,124.0486
0,100.4049,125.4251
0,100.4049,126.8016
0,100.4049,128.1781
0,100.4049,129.5546
0,100.4049,130.9312
0,100.4049,132.3077
0,100.4049,133.6842
0,100.4049,135.0607
0,100.4049,136.4372
0,100.4049,137.8137
0,100.4049,139.1902
0,100.4049,140.5667
0,100.4049,141.9432
0,100.4049,143.3197
0,100.4049,144.6963
0,100.4049,146.0728
0,100.4049,147.4493
0,100.4049,148.8258
0,100.4049,150.2023
0,100.4049,150.2024
0,100.4049,150.2024
0,100.4049,150.2024
0,100.4049,150.2024
0,100.4049,150.2024
0,100.4049,150.2024
0,100.4049,150.2024
0,100.4049,150.2024
0,100.4049,150.2024
0,100.4049,150.2024
0,100.4049,150.2024
0,100.4049,150.2024
0,100.4049,150.2024
0,100.4049,150.2024
0,100.4049,150.2024
0,100.4049,150.2024
0,100.4049,150.2024
0,100.4049,150.2024
0,100.4049,150.2024
0,100.4049,150.2024
0,100.4049,150.2024
0,100.4049,150.2024
0,100.4049,150.2024
0,100.4049,150.2024
0,100.4049,150.2024
0,100.4049,150.2024
0,100.4049,150.2024
0,100.4049,150.2024
0,100.4049,150.2024
0,100.4049,150.2024
0,100.4049,150.2024
0,100.4049,150.2024
0,100.4049,150.2024
0,100.4049,150.2024
0,100.4049,150.2024
0,100.4049,150.2024
0,100.4049,150.2024
0,100.4049,150.2024
0,100.4049,150.2024
0,100.4049,150.2024
0,100.4049,150.2024
0,100.4049,150.2024
0,100.4049,150.2024
0,100.4049,150.2024
0,100.4049,150.2024
0,100.4049,150.2024
0,100.4049,150.2024
0,100.4049,150.2024
0,100.4049,150.2024
0,100.4049,150.2024
0,100.4049,150.2024
0,100.4049,150.2024
0,100.4049,150.2024
0,100.4049,150.2024
0,100.4049,150.2024
0,100.4049,150.2024
0,100.4049,150.2024
0,100.4049,150.2024
0,100.4049,150.2024
0,100.4049,150.2024
0,100.4049,150.2024
0,100.4049,150.2024
0,100.4049,150.2024
0,100.4049,150.2024
0,100.4049,150.2024
0,100.4049,150.2024
0,100.4049,150.2024
0,100.4049,150.2024
0,100.4049,150.2024
0,100.4049,150.2024
0,100.4049,150.2024
0,100.4049,150.2024
0,100.4049,150.2024
0,100.4049,150.2024
0,100.4049,150.2024
0,100.4049,150.2024
0,100.4049,150.2024
0,100.4049,150.2024
0,100.4049,150.2024
0,100.4049,150.2024
0,100.4049,150.2024
0,100.4049,150.2024
0,100.4049,150.2024
0,100.4049,150.2024
0,100.4049,150.2024
0,100.4049,150.2024
0,100.4049,150.2024
0,100.4049,150.2024
0,100.4049,150.2024
0,100.4049,150.2024
0,100.4049,150.2024
0,100.4049,150.2024
0,100.4049,150.2024
0,100.4049,150.2024
0,100.4049,150.2024
0,100.4049,150.2024
0,100.4049,150.2024
0,100.4049,150.2024
0,100.4049,150.2024
0,100.4049,150.2024
0,100.4049,150.2024
0,100.4049,150.2024
0,100.4049,150.2024
0,100.4049,150.2024
0,100.4049,150.2024
0,100.4049,150.2024
0,100.4049,150.2024
0,100.4049,150.2024
0,100.4049,150.2024
0,100.4049,150.2024
0,100.4049,150.2024
0,100.4049,150.2024
0,100.4049,150.2024
0,100.4049,150.2024
0,100.4049,150.2024
0,100.4049,150.2024
0,100.4049,150.2024
0,100.4049,150.2024
0,100.4049,150.2024
0,100.4049,150.2024
0,100.4049,150.2024
0,100.4049,150.2024
0,100.4049,150.2024
0,100.4049,150.2024
0,100.4049,150.2024
0,100.4049,150.2024
0,100.4049,150.2024
0,100.4049,150.2024
0,100.4049,150.2024
0,100.4049,150.2024
0,100.4049,150.2024
0,100.4049,150.2024
0,100.4049,150.2024
0,100.4049,150.2024
0,100.4049,150.2024
0,100.4049,150.2024
0,100.4049,150.2024
0,100.4049,150.2024
0,100.4049,150.2024
0,100.4049,150.2024
0,100.4049,150.2024
0,100.4049,150.2024
0,100.4049,150.2024
0,100.4049,150.2024
0,100.4049,150.2024
0,100.4049,150.2024
0,100.4049,150.2024
0,100.4049,150.2024
0,100.4049,150.2024
0,100.4049,150.2024
0,100.4049,150.2024
0,100.4049,150.2024
0,100.4049,150.2024
0,100.4049,150.2024
0,100.4049,150.2024
0,100.4049,150.2024
0,100.4049,150.2024
0,100.4049,150.2024
0,100.4049,150.2024
0,100.4049,150.2024
0,100.4049,150.2024
0,100.4049,150.2024
0,100.4049,150.2024
0,100.4049,150.2024
0,100.4049,150.2024
0,100.4049,150.2024
0,100.4049,150.2024
0,100.4049,150.2024
0,100.4049,150.2024
0,100.4049,150.2024
0,100.4049,150.2024
0,100.4049,150.2024
0,100.4049,150.2024
0,100.4049,150.2024
0,100.4049,150.2024
0,100.4049,150.2024
0,100.4049,150.2024
0,99.69603,150.2024
0,99.69647,150.2024
0,99.69691,150.2024
0,99.69736,150.2024
0,99.6978,150.2024
0,99.69824,150.2024
0,99.69868,150.2024
0,99.69913,150.2024
0,99.69957,150.2024
0,99.70001,150.2024
0,99.70045,150.2024
0,99.7009,150.2024
0,99.70134,150.2024
0,99.70178,150.2024
0,99.70222,150.2024
0,99.70267,150.2024
0,99.70311,150.2024
0,99.70355,150.2024
0,99.70399,150.2024
0,99.70444,150.2024
0,99.70488,150.2024
0,99.70532,150.2024
0,99.70576,150.2024
0,99.70621,150.2024
0,99.70665,150.2024
0,99.70709,150.2024
0,99.70753,150.2024
0,99.70798,150.2024
0,99.70842,150.2024
0,99.70886,150.2024
0,99.7093,150.2024
0,99.70975,150.2024
0,99.71019,150.2024
0,99.71063,150.2024
0,99.71107,150.2024
0,99.71152,150.2024
0,99.71196,150.2024
0,99.7124,150.2024
0,99.71284,150.2024
0,99.71329,150.2024
0,99.71373,150.2024
0,99.71417,150.2024
0,99.71461,150.2024
0,99.71506,150.2024
0,99.7155,150.2024
0,99.71594,150.2024
0,99.71638,150.2024
0,99.71683,150.2024
0,99.71727,150.2024
0,99.71771,150.2024
0,99.71815,150.2024
0,99.7186,150.2024
0,99.71904,150.2024
0,99.71948,150.2024
0,99.71992,150.2024
0,99.72037,150.2024
0,99.72081,150.2024
0,99.72125,150.2024
0,99.72169,150.2024
0,99.72214,150.2024
0,99.72258,150.2024
0,99.72302,150.2024
0,99.72346,150.2024
0,99.72391,150.2024
0,99.72435,150.2024
0,99.72479,150.2024
0,99.72523,150.2024
0,99.72568,150.2024
0,99.72612,150.2024
0,99.72656,150.2024
0,99.72701,150.2024
0,99.72745,150.2024
0,99.72789,150.2024
0,99.72833,150.2024
0,99.72878,150.2024
0,99.72922,150.2024
0,99.72966,150.2024
0,99.7301,150.2024
0,99.73055,150.2024
0,99.73099,150.2024
0,99.73143,150.2024
0,99.73187,150.2024
0,99.73232,150.2024
0,99.73276,150.2024
0,99.7332,150.2024
0,99.73364,150.2024
0,99.73409,150.2024
0,99.73453,150.2024
0,99.73497,150.2024
0,99.73541,150.2024
0,99.73586,150.2024
0,99.7363,150.2024
0,99.73674,150.2024
0,99.73718,150.2024
0,99.73763,150.2024
0,99.73807,150.2024
0,99.73851,150.2024
0,99.73895,150.2024
0,99.7394,150.2024
0,99.73984,150.2024
0,99.74028,150.2024
0,99.74072,150.2024
0,99.74117,150.2024
0,99.74161,150.2024
0,99.74205,150.2024
0,99.74249,150.2024
0,99.74294,150.2024
0,99.74338,150.2024
0,99.74382,150.2024
0,99.74426,150.2024
0,99.74471,150.2024
0,99.74515,150.2024
0,99.74559,150.2024
0,99.74603,150.2024
0,99.74648,150.2024
0,99.74692,150.2024
0,99.74736,150.2024
0,99.7478,150.2024
0,99.74825,150.2024
0,99.74869,150.2024
0,99.74913,150.2024
0,99.74957,150.2024
0,99.75002,150.2024
0,99.75046,150.2024
0,99.7509,150.2024
0,99.75134,150.2024
0,99.75179,150.2024
0,99.75223,150.2024
0,99.75267,150.2024
0,99.75311,150.2024
0,99.75356,150.2024
0,99.754,150.2024
0,99.75444,150.2024
0,99.75488,150.2024
0,99.75533,150.2024
0,99.75577,150.2024
0,99.75621,150.2024
0,99.75665,150.2024
0,99.7571,150.2024
0,99.75754,150.2024
0,99.75798,150.2024
0,99.75842,150.2024
0,99.75887,150.2024
0,99.75931,150.2024
0,99.75975,150.2024
0,99.76019,150.2024
0,99.76064,150.2024
0,99.76108,150.2024
0,99.76152,150.2024
0,99.76196,150.2024
0,99.76241,150.2024
0,99.76285,150.2024
0,99.76329,150.2024
0,99.76373,150.2024
0,99.76418,150.2024
0,99.76462,150.2024
0,99.76506,150.2024
0,99.7655,150.2024
0,99.76595,150.2024
0,99.76639,150.2024
0,99.76683,150.2024
0,99.76727,150.2024
0,99.76772,150.2024
0,99.76816,150.2024
0,99.7686,150.2024
0,99.76904,150.2024
0,99.76949,150.2024
0,99.76993,150.2024
0,99.77037,150.2024
0,99.77081,150.2024
0,99.77126,150.2024
0,99.7717,150.2024
0,99.77214,150.2024
0,99.77258,150.2024
0,99.77303,150.2024
0,99.77347,150.2024
0,99.77391,150.2024
0,99.77435,150.2024
0,99.7748,150.2024
0,99.77524,150.2024
0,99.77568,150.2024
0,99.77612,150.2024
0,99.77657,150.2024
0,99.77701,150.2024
0,99.77745,150.2024
0,99.77789,150.2024
0,99.77834,150.2024
0,99.77878,150.2024
0,99.77922,150.2024
0,99.77966,150.2024
0,99.78011,150.2024
0,99.78055,150.2024
0,99.78099,150.2024
0,99.78143,150.2024
0,99.78188,150.2024
0,99.78232,150.2024
0,99.78276,150.2024
0,99.7832,150.2024
0,99.78365,150.2024
0,99.78409,150.2024
0,99.78453,150.2024
0,99.78497,150.2024
0,99.78542,150.2024
0,99.78586,150.2024
0,99.7863,150.2024
0,99.78674,150.2024
0,99.78719,150.2024
0,99.78763,150.2024
0,99.78807,150.2024
0,99.78851,150.2024
0,99.78896,150.2024
0,99.7894,150.2024
0,99.78984,150.2024
0,99.79028,150.2024
0,99.79073,150.2024
0,99.79117,150.2024
0,99.79161,150.2024
0,99.79205,150.2024
0,99.7925,150.2024
0,99.79294,150.2024
0,99.79338,150.2024
0,99.79382,150.2024
0,99.79427,150.2024
0,99.79471,150.2024
0,99.79515,150.2024
0,99.79559,150.2024
0,99.79604,150.2024
0,99.79648,150.2024
0,99.79692,150.2024
0,99.79736,150.2024
0,99.79781,150.2024
0,99.79825,150.2024
0,99.79869,150.2024
0,99.79913,150.2024
0,99.79958,150.2024
0,99.80002,150.2024
0,99.80046,150.2024
0,99.8009,150.2024
0,99.80135,150.2024
0,99.80179,150.2024
0,99.80223,150.2024
0,99.80267,150.2024
0,99.80312,150.2024
0,99.80356,150.2024
0,99.804,150.2024
0,99.80444,150.2024
0,99.80489,150.2024
0,99.80533,150.2024
0,99.80577,150.2024
0,99.80621,150.2024
0,99.80666,150.2024
0,99.8071,150.2024
0,99.80754,150.2024
0,99.80798,150.2024
0,99.80843,150.2024
0,99.80887,150.2024
0,99.80931,150.2024
0,99.80975,150.2024
0,99.8102,150.2024
0,99.81064,150.2024
0,99.81108,150.2024
0,99.81152,150.2024
0,99.81197,150.2024
0,99.81241,150.2024
0,99.81285,150.2024
0,99.81329,150.2024
0,99.81374,150.2024
0,99.81418,150.2024
0,99.81462,150.2024
0,99.81506,150.2024
0,99.81551,150.2024
0,99.81595,150.2024
0,99.81639,150.2024
0,99.81683,150.2024
0,99.81728,150.2024
0,99.81772,150.2024
0,99.81816,150.2024
0,99.8186,150.2024
0,99.81905,150.2024
0,99.81949,150.2024
0,99.81993,150.2024
0,99.82037,150.2024
0,99.82082,150.2024
0,99.82126,150.2024
0,99.8217,150.2024
0,99.82214,150.2024
0,99.82259,150.2024
0,99.82303,150.2024
0,99.82347,150.2024
0,99.82391,150.2024
0,99.82436,150.2024
0,99.8248,150.2024
0,99.82524,150.2024
0,99.82568,150.2024
0,99.82613,150.2024
0,99.82657,150.2024
0,99.82701,150.2024
0,99.82745,150.2024
0,99.8279,150.2024
0,99.82834,150.2024
0,99.82878,150.2024
0,99.82922,150.2024
0,99.82967,150.2024
0,99.83011,150.2024
0,99.83055,150.2024
0,99.83099,150.2024
0,99.83144,150.2024
0,99.83188,150.2024
0,99.83232,150.2024
0,99.83276,150.2024
0,99.83321,150.2024
0,99.83365,150.2024
0,99.83409,150.2024
0,99.83453,150.2024
0,99.83498,150.2024
0,99.83542,150.2024
0,99.83586,150.2024
0,99.8363,150.2024
0,99.83675,150.2024
0,99.83719,150.2024
0,99.83763,150.2024
0,99.83807,150.2024
0,99.83852,150.2024
0,99.83896,150.2024
0,99.8394,150.2024
0,99.83984,150.2024
0,99.84029,150.2024
0,99.84073,150.2024
0,99.84117,150.2024
0,99.84161,150.2024
0,99.84206,150.2024
0,99.8425,150.2024
0,99.84294,150.2024
0,99.84338,150.2024
0,99.84383,150.2024
0,99.84427,150.2024
0,99.84471,150.2024
0,99.84515,150.2024
0,99.8456,150.2024
0,99.84604,150.2024
0,99.84648,150.2024
0,99.84692,150.2024
0,99.84737,150.2024
0,99.84781,150.2024
0,99.84825,150.2024
0,99.84869,150.2024
0,99.84914,150.2024
0,99.84958,150.2024
0,99.85002,150.2024
0,99.85046,150.2024
0,99.85091,150.2024
0,99.85135,150.2024
0,99.85179,150.2024
0,99.85223,150.2024
0,99.85268,150.2024
0,99.85312,150.2024
0,99.85356,150.2024
0,99.854,150.2024
0,99.85445,150.2024
0,99.85489,150.2024
0,99.85533,150.2024
0,99.85577,150.2024
0,99.85622,150.2024
0,99.85666,150.2024
0,99.8571,150.2024
0,99.85754,150.2024
0,99.85799,150.2024
0,99.85843,150.2024
0,99.85887,150.2024
0,99.85931,150.2024
0,99.85976,150.2024
0,99.8602,150.2024
0,99.86064,150.2024
0,99.86108,150.2024
0,99.86153,150.2024
0,99.86197,150.2024
0,99.86241,150.2024
0,99.86285,150.2024
0,99.8633,150.2024
0,99.86374,150.2024
0,99.86418,150.2024
0,99.86462,150.2024
0,99.86507,150.2024
0,99.86551,150.2024
0,99.86595,150.2024
0,99.86639,150.2024
0,99.86684,150.2024
0,99.86728,150.2024
0,99.86772,150.2024
0,99.86816,150.2024
0,99.86861,150.2024
0,99.86905,150.2024
0,99.86949,150.2024
0,99.86993,150.2024
0,99.87038,150.2024
0,99.87082,150.2024
0,99.87126,150.2024
0,99.8717,150.2024
0,99.87215,150.2024
0,99.87259,150.2024
0,99.87303,150.2024
0,99.87347,150.2024
0,99.87392,150.2024
0,99.87436,150.2024
0,99.8748,150.2024
0,99.87524,150.2024
0,99.87569,150.2024
0,99.87613,150.2024
0,99.87657,150.2024
0,99.87701,150.2024
0,99.87746,150.2024
0,99.8779,150.2024
0,99.87834,150.2024
0,99.87878,150.2024
0,99.87923,150.2024
0,99.87967,150.2024
0,99.88011,150.2024
0,99.88055,150.2024
0,99.881,150.2024
0,99.88144,150.2024
0,99.88188,150.2024
0,99.88232,150.2024
0,99.88277,150.2024
0,99.88321,150.2024
0,99.88365,150.2024
0,99.88409,150.2024
0,99.88454,150.2024
0,99.88498,150.2024
0,99.88542,150.2024
0,99.88586,150.2024
0,99.88631,150.2024
0,99.88675,150.2024
0,99.88719,150.2024
0,99.88763,150.2024
0,99.88808,150.2024
0,99.88852,150.2024
0,99.88896,150.2024
0,99.8894,150.2024
0,99.88985,150.2024
0,99.89029,150.2024
0,99.89073,150.2024
0,99.89117,150.2024
0,99.89162,150.2024
0,99.89206,150.2024
0,99.8925,150.2024
0,99.89294,150.2024
0,99.89339,150.2024
0,99.89383,150.2024
0,99.89427,150.2024
0,99.89471,150.2024
0,99.89516,150.2024
0,99.8956,150.2024
0,99.89604,150.2024
0,99.89648,150.2024
0,99.89693,150.2024
0,99.89737,150.2024
0,99.89781,150.2024
0,99.89825,150.2024
0,99.8987,150.2024
0,99.89914,150.2024
0,99.89958,150.2024
0,99.90002,150.2024
0,99.90047,150.2024
0,99.90091,150.2024
0,99.90135,150.2024
0,99.90179,150.2024
0,99.90224,150.2024
0,99.90268,150.2024
0,99.90312,150.2024
0,99.90356,150.2024
0,99.90401,150.2024
0,99.90445,150.2024
0,99.90489,150.2024
0,99.90533,150.2024
0,99.90578,150.2024
0,99.90622,150.2024
0,99.90666,150.2024
0,99.9071,150.2024
0,99.90755,150.2024
0,99.90799,150.2024
0,99.90843,150.2024
0,99.90887,150.2024
0,99.90932,150.2024
0,99.90976,150.2024
0,99.9102,150.2024
0,99.91064,150.2024
0,99.91109,150.2024
0,99.91153,150.2024
0,99.91197,150.2024
0,99.91241,150.2024
0,99.91286,150.2024
0,99.9133,150.2024
0,99.91374,150.2024
0,99.91418,150.2024
0,99.91463,150.2024
0,99.91507,150.2024
0,99.91551,150.2024
0,99.91595,150.2024
0,99.9164,150.2024
0,99.91684,150.2024
0,99.91728,150.2024
0,99.91772,150.2024
0,99.91817,150.2024
0,99.91861,150.2024
0,99.91905,150.2024
0,99.91949,150.2024
0,99.91994,150.2024
0,99.92038,150.2024
0,99.92082,150.2024
0,99.92126,150.2024
0,99.92171,150.2024
0,99.92215,150.2024
0,99.92259,150.2024
0,99.92303,150.2024
0,99.92348,150.2024
0,99.92392,150.2024
0,99.92436,150.2024
0,99.9248,150.2024
0,99.92525,150.2024
0,99.92569,150.2024
0,99.92613,150.2024
0,99.92657,150.2024
0,99.92702,150.2024
0,99.92746,150.2024
0,99.9279,150.2024
0,99.92834,150.2024
0,99.92879,150.2024
0,99.92923,150.2024
0,99.92967,150.2024
0,99.93011,150.2024
0,99.93056,150.2024
0,99.931,150.2024
0,99.93144,150.2024
0,99.93188,150.2024
0,99.93233,150.2024
0,99.93277,150.2024
0,99.93321,150.2024
0,99.93365,150.2024
0,99.9341,150.2024
0,99.93454,150.2024
0,99.93498,150.2024
0,99.93542,150.2024
0,99.93587,150.2024
0,99.93631,150.2024
0,99.93675,150.2024
0,99.93719,150.2024
0,99.93764,150.2024
0,99.93808,150.2024
0,99.93852,150.2024
0,99.93896,150.2024
0,99.93941,150.2024
0,99.93985,150.2024
0,99.94029,150.2024
0,99.94073,150.2024
0,99.94118,150.2024
0,99.94162,150.2024
0,99.94206,150.2024
0,99.9425,150.2024
0,99.94295,150.2024
0,99.94339,150.2024
0,99.94383,150.2024
0,99.94427,150.2024
0,99.94472,150.2024
0,99.94516,150.2024
0,99.9456,150.2024
0,99.94604,150.2024
0,99.94649,150.2024
0,99.94693,150.2024
0,99.94737,150.2024
0,99.94781,150.2024
0,99.94826,150.2024
0,99.9487,150.2024
0,99.94914,150.2024
0,99.94958,150.2024
0,99.95003,150.2024
0,99.95047,150.2024
0,99.95091,150.2024
0,99.95135,150.2024
0,99.9518,150.2024
0,99.95224,150.2024
0,99.95268,150.2024
0,99.95313,150.2024
0,99.95357,150.2024
0,99.95401,150.2024
0,99.95445,150.2024
0,99.9549,150.2024
0,99.95534,150.2024
0,99.95578,150.2024
0,99.95622,150.2024
0,99.95667,150.2024
0,99.95711,150.2024
0,99.95755,150.2024
0,99.95799,150.2024
0,99.95844,150.2024
0,99.95888,150.2024
0,99.95932,150.2024
0,99.95976,150.2024
0,99.96021,150.2024
0,99.96065,150.2024
0,99.96109,150.2024
0,99.96153,150.2024
0,99.96198,150.2024
0,99.96242,150.2024
0,99.96286,150.2024
0,99.9633,150.2024
0,99.96375,150.2024
0,99.96419,150.2024
0,99.96463,150.2024
0,99.96507,150.2024
0,99.96552,150.2024
0,99.96596,150.2024
0,99.9664,150.2024
0,99.96684,150.2024
0,99.96729,150.2024
0,99.96773,150.2024
0,99.96817,150.2024
0,99.96861,150.2024
0,99.96906,150.2024
0,99.9695,150.2024
0,99.96994,150.2024
0,99.97038,150.2024
0,99.97083,150.2024
0,99.97127,150.2024
0,99.97171,150.2024
0,99.97215,150.2024
0,99.9726,150.2024
0,99.97304,150.2024
0,99.97348,150.2024
0,99.97392,150.2024
0,99.97437,150.2024
0,99.97481,150.2024
0,99.97525,150.2024
0,99.97569,150.2024
0,99.97614,150.2024
0,99.97658,150.2024
0,99.97702,150.2024
0,99.97746,150.2024
0,99.97791,150.2024
0,99.97835,150.2024
0,99.97879,150.2024
0,99.97923,150.2024
0,99.97968,150.2024
0,99.98012,150.2024
0,99.98056,150.2024
0,99.981,150.2024
0,99.98145,150.2024
0,99.98189,150.2024
0,99.98233,150.2024
0,99.98277,150.2024
0,99.98322,150.2024
0,99.98366,150.2024
0,99.9841,150.2024
0,99.98454,150.2024
0,99.98499,150.2024
0,99.98543,150.2024
0,99.98587,150.2024
0,99.98631,150.2024
0,99.98676,150.2024
0,99.9872,150.2024
0,99.98764,150.2024
0,99.98808,150.2024
0,99.98853,150.2024
0,99.98897,150.2024
0,99.98941,150.2024
0,99.98985,150.2024
0,99.9903,150.2024
0,99.99074,150.2024
0,99.99118,150.2024
0,99.99162,150.2024
0,99.99207,150.2024
0,99.99251,150.2024
0,99.99295,150.2024
0,99.99339,150.2024
0,99.99384,150.2024
0,99.99428,150.2024
0,99.99472,150.2024
0,99.99516,150.2024
0,99.99561,150.2024
0,99.99605,150.2024
0,99.99649,150.2024
0,99.99693,150.2024
0,99.99738,150.2024
0,99.99782,150.2024
0,99.99826,150.2024
0,99.9987,150.2024
0,99.99915,150.2024
0,99.99959,150.2024
0,100,150.2024
0,100.0005,150.2024
0,100.0009,150.2024
0,100.0014,150.2024
0,100.0018,150.2024
0,100.0022,150.2024
0,100.0027,150.2024
0,100.0031,150.2024
0,100.0036,150.2024
0,100.004,150.2024
0,100.0045,150.2024
0,100.0049,150.2024
0,100.0053,150.2024
0,100.0058,150.2024
0,100.0062,150.2024
0,100.0067,150.2024
0,100.0071,150.2024
0,100.0076,150.2024
0,100.008,150.2024
0,100.0084,150.2024
0,100.0089,150.2024
0,100.0093,150.2024
0,100.0098,150.2024
0,100.0102,150.2024
0,100.0107,150.2024
0,100.0111,150.2024
0,100.0115,150.2024
0,100.012,150.2024
0,100.0124,150.2024
0,100.0129,150.2024
0,100.0133,150.2024
0,100.0137,150.2024
0,100.0142,150.2024
0,100.0146,150.2024
0,100.0151,150.2024
0,100.0155,150.2024
0,100.016,150.2024
0,100.0164,150.2024
0,100.0168,150.2024
0,100.0173,150.2024
0,100.0177,150.2024
0,100.0182,150.2024
0,100.0186,150.2024
0,100.0191,150.2024
0,100.0195,150.2024
0,100.0199,150.2024
0,100.0204,150.2024
0,100.0208,150.2024
0,100.0213,150.2024
0,100.0217,150.2024
0,100.0222,150.2024
0,100.0226,150.2024
0,100.023,150.2024
0,100.0235,150.2024
0,100.0239,150.2024
0,100.0244,150.2024
0,100.0248,150.2024
0,100.0253,150.2024
0,100.0257,150.2024
0,100.0261,150.2024
0,100.0266,150.2024
0,100.027,150.2024
0,100.0275,150.2024
0,100.0279,150.2024
0,100.0284,150.2024
0,100.0288,150.2024
0,100.0292,150.2024
0,100.0297,150.2024
0,100.0301,150.2024
0,100.0306,150.2024
0,100.031,150.2024
0,100.0314,150.2024
0,100.0319,150.2024
0,100.0323,150.2024
0,100.0328,150.2024
0,100.0332,150.2024
0,100.0337,150.2024
0,100.0341,150.2024
0,100.0345,150.2024
0,100.035,150.2024
0,100.0354,150.2024
0,100.0359,150.2024
0,100.0363,150.2024
0,100.0368,150.2024
0,100.0372,150.2024
0,100.0376,150.2024
0,100.0381,150.2024
0,100.0385,150.2024
0,100.039,150.2024
0,100.0394,150.2024
0,100.0399,150.2024
0,100.0403,150.2024
0,100.0407,150.2024
0,100.0412,150.2024
0,100.0416,150.2024
0,100.0421,150.2024
0,100.0425,150.2024
0,100.043,150.2024
0,100.0434,150.2024
0,100.0438,150.2024
0,100.0443,150.2024
0,100.0447,150.2024
0,100.0452,150.2024
0,100.0456,150.2024
0,100.0461,150.2024
0,100.0465,150.2024
0,100.0469,150.2024
0,100.0474,150.2024
0,100.0478,150.2024
0,100.0483,150.2024
0,100.0487,150.2024
0,100.0491,150.2024
0,100.0496,150.2024
0,100.05,150.2024
0,100.0505,150.2024
0,100.0509,150.2024
0,100.0514,150.2024
0,100.0518,150.2024
0,100.0522,150.2024
0,100.0527,150.2024
0,100.0531,150.2024
0,100.0536,150.2024
0,100.054,150.2024
0,100.0545,150.2024
0,100.0549,150.2024
0,100.0553,150.2024
0,100.0558,150.2024
0,100.0562,150.2024
0,100.0567,150.2024
0,100.0571,150.2024
0,100.0576,150.2024
0,100.058,150.2024
0,100.0584,150.2024
0,100.0589,150.2024
0,100.0593,150.2024
0,100.0598,150.2024
0,100.0602,150.2024
0,100.0607,150.2024
0,100.0611,150.2024
0,100.0615,150.2024
0,100.062,150.2024
0,100.0624,150.2024
0,100.0629,150.2024
0,100.0633,150.2024
0,100.0638,150.2024
0,100.0642,150.2024
0,100.0646,150.2024
0,100.0651,150.2024
0,100.0655,150.2024
0,100.066,150.2024
0,100.0664,150.2024
0,100.0668,150.2024
0,100.0673,150.2024
0,100.0677,150.2024
0,100.0682,150.2024
0,100.0686,150.2024
0,100.0691,150.2024
0,100.0695,150.2024
0,100.0699,150.2024
0,100.0704,150.2024
0,100.0708,150.2024
0,100.0713,150.2024
0,100.0717,150.2024
0,100.0722,150.2024
0,100.0726,150.2024
0,100.073,150.2024
0,100.0735,150.2024
0,100.0739,150.2024
0,100.0744,150.2024
0,100.0748,150.2024
0,100.0753,150.2024
0,100.0757,150.2024
0,100.0761,150.2024
0,100.0766,150.2024
0,100.077,150.2024
0,100.0775,150.2024
0,100.0779,150.2024
0,100.0784,150.2024
0,100.0788,150.2024
0,100.0792,150.2024
0,100.0797,150.2024
0,100.0801,150.2024
0,100.0806,150.2024
0,100.081,150.2024
0,100.0815,150.2024
0,100.0819,150.2024
0,100.0823,150.2024
0,100.0828,150.2024
0,100.0832,150.2024
0,100.0837,150.2024
0,100.0841,150.2024
0,100.0845,150.2024
0,100.085,150.2024
0,100.0854,150.2024
0,100.0859,150.2024
0,100.0863,150.2024
0,100.0868,150.2024
0,100.0872,150.2024
0,100.0876,150.2024
0,100.0881,150.2024
0,100.0885,150.2024
0,100.089,150.2024
0,100.0894,150.2024
0,100.0899,150.2024
0,100.0903,150.2024
0,100.0907,150.2024
0,100.0912,150.2024
0,100.0916,150.2024
0,100.0921,150.2024
0,100.0925,150.2024
0,100.093,150.2024
0,100.0934,150.2024
0,100.0938,150.2024
0,100.0943,150.2024
0,100.0947,150.2024
0,100.0952,150.2024
0,100.0956,150.2024
0,100.0961,150.2024
0,100.0965,150.2024
0,100.0969,150.2024
0,100.0974,150.2024
0,100.0978,150.2024
0,100.0983,150.2024
0,100.0987,150.2024
0,100.0992,150.2024
0,100.0996,150.2024
0,100.1,150.2024
0,100.1005,150.2024
0,100.1009,150.2024
0,100.1014,150.2024
0,100.1018,150.2024
0,100.1022,150.2024
0,100.1027,150.2024
0,100.1031,150.2024
0,100.1036,150.2024
0,100.104,150.2024
0,100.1045,150.2024
0,100.1049,150.2024
0,100.1053,150.2024
0,100.1058,150.2024
0,100.1062,150.2024
0,100.1067,150.2024
0,100.1071,150.2024
0,100.1076,150.2024
0,100.108,150.2024
0,100.1084,150.2024
0,100.1089,150.2024
0,100.1093,150.2024
0,100.1098,150.2024
0,100.1102,150.2024
0,100.1107,150.2024
0,100.1111,150.2024
0,100.1115,150.2024
0,100.112,150.2024
0,100.1124,150.2024
0,100.1129,150.2024
0,100.1133,150.2024
0,100.1138,150.2024
0,100.1142,150.2024
0,100.1146,150.2024
0,100.1151,150.2024
0,100.1155,150.2024
0,100.116,150.2024
0,100.1164,150.2024
0,100.1169,150.2024
0,100.1173,150.2024
0,100.1177,150.2024
0,100.1182,150.2024
0,100.1186,150.2024
0,100.1191,150.2024
0,100.1195,150.2024
0,100.1199,150.2024
0,100.1204,150.2024
0,100.1208,150.2024
0,100.1213,150.2024
0,100.1217,150.2024
0,100.1222,150.2024
0,100.1226,150.2024
0,100.123,150.2024
0,100.1235,150.2024
0,100.1239,150.2024
0,100.1244,150.2024
0,100.1248,150.2024
0,100.1253,150.2024
0,100.1257,150.2024
0,100.1261,150.2024
0,100.1266,150.2024
0,100.127,150.2024
0,100.1275,150.2024
0,100.1279,150.2024
0,100.1284,150.2024
0,100.1288,150.2024
0,100.1292,150.2024
0,100.1297,150.2024
0,100.1301,150.2024
0,100.1306,150.2024
0,100.131,150.2024
0,100.1315,150.2024
0,100.1319,150.2024
0,100.1323,150.2024
0,100.1328,150.2024
0,100.1332,150.2024
0,100.1337,150.2024
0,100.1341,150.2024
0,100.1346,150.2024
0,100.135,150.2024
0,100.1354,150.2024
0,100.1359,150.2024
0,100.1363,150.2024
0,100.1368,150.2024
0,100.1372,150.2024
0,100.1376,150.2024
0,100.1381,150.2024
0,100.1385,150.2024
0,100.139,150.2024
0,100.1394,150.2024
0,100.1399,150.2024
0,100.1403,150.2024
0,100.1407,150.2024
0,100.1412,150.2024
0,100.1416,150.2024
0,100.1421,150.2024
0,100.1425,150.2024
0,100.143,150.2024
0,100.1434,150.2024
0,100.1438,150.2024
0,100.1443,150.2024
0,100.1447,150.2024
0,100.1452,150.2024
0,100.1456,150.2024
0,100.1461,150.2024
0,100.1465,150.2024
0,100.1469,150.2024
0,100.1474,150.2024
0,100.1478,150.2024
0,100.1483,150.2024
0,100.1487,150.2024
0,100.1492,150.2024
0,100.1496,150.2024
0,100.15,150.2024
0,100.1505,150.2024
0,100.1509,150.2024
0,100.1514,150.2024
0,100.1518,150.2024
0,100.1523,150.2024
0,100.1527,150.2024
0,100.1531,150.2024
0,100.1536,150.2024
0,100.154,150.2024
0,100.1545,150.2024
0,100.1549,150.2024
0,100.1553,150.2024
0,100.1558,150.2024
0,100.1562,150.2024
0,100.1567,150.2024
0,100.1571,150.2024
0,100.1576,150.2024
0,100.158,150.2024
0,100.1584,150.2024
0,100.1589,150.2024
0,100.1593,150.2024
0,100.1598,150.2024
0,100.1602,150.2024
0,100.1607,150.2024
0,100.1611,150.2024
0,100.1615,150.2024
0,100.162,150.2024
0,100.1624,150.2024
0,100.1629,150.2024
0,100.1633,150.2024
0,100.1638,150.2024
0,100.1642,150.2024
0,100.1646,150.2024
0,100.1651,150.2024
0,100.1655,150.2024
0,100.166,150.2024
0,100.1664,150.2024
0,100.1669,150.2024
0,100.1673,150.2024
0,100.1677,150.2024
0,100.1682,150.2024
0,100.1686,150.2024
0,100.1691,150.2024
0,100.1695,150.2024
0,100.17,150.2024
0,100.1704,150.2024
0,100.1708,150.2024
0,100.1713,150.2024
0,100.1717,150.2024
0,100.1722,150.2024
0,100.1726,150.2024
0,100.173,150.2024
0,100.1735,150.2024
0,100.1739,150.2024
0,100.1744,150.2024
0,100.1748,150.2024
0,100.1753,150.2024
0,100.1757,150.2024
0,100.1761,150.2024
0,100.1766,150.2024
0,100.177,150.2024
0,100.1775,150.2024
0,100.1779,150.2024
0,100.1784,150.2024
0,100.1788,150.2024
0,100.1792,150.2024
0,100.1797,150.2024
0,100.1801,150.2024
0,100.1806,150.2024
0,100.181,150.2024
0,100.1815,150.2024
0,100.1819,150.2024
0,100.1823,150.2024
0,100.1828,150.2024
0,100.1832,150.2024
0,100.1837,150.2024
0,100.1841,150.2024
0,100.1846,150.2024
0,100.185,150.2024
0,100.1854,150.2024
0,100.1859,150.2024
0,100.1863,150.2024
0,100.1868,150.2024
0,100.1872,150.2024
0,100.1877,150.2024
0,100.1881,150.2024
0,100.1885,150.2024
0,100.189,150.2024
0,100.1894,150.2024
0,100.1899,150.2024
0,100.1903,150.2024
0,100.1908,150.2024
0,100.1912,150.2024
0,100.1916,150.2024
0,100.1921,150.2024
0,100.1925,150.2024
0,100.193,150.2024
0,100.1934,150.2024
0,100.1938,150.2024
0,100.1943,150.2024
0,100.1947,150.2024
0,100.1952,150.2024
0,100.1956,150.2024
0,100.1961,150.2024
0,100.1965,150.2024
0,100.1969,150.2024
0,100.1974,150.2024
0,100.1978,150.2024
0,100.1983,150.2024
0,100.1987,150.2024
0,100.1992,150.2024
0,100.1996,150.2024
0,100.2,150.2024
0,100.2005,150.2024
0,100.2009,150.2024
0,100.2014,150.2024
0,100.2018,150.2024
0,100.2023,150.2024
0,100.2027,150.2024
0,100.2031,150.2024
0,100.2036,150.2024
0,100.204,150.2024
0,100.2045,150.2024
0,100.2049,150.2024
0,100.2054,150.2024
0,100.2058,150.2024
0,100.2062,150.2024
0,100.2067,150.2024
0,100.2071,150.2024
0,100.2076,150.2024
0,100.208,150.2024
0,100.2085,150.2024
0,100.2089,150.2024
0,100.2093,150.2024
0,100.2098,150.2024
0,100.2102,150.2024
0,100.2107,150.2024
0,100.2111,150.2024
0,100.2115,150.2024
0,100.212,150.2024
0,100.2124,150.2024
0,100.2129,150.2024
0,100.2133,150.2024
0,100.2138,150.2024
0,100.2142,150.2024
0,100.2146,150.2024
0,100.2151,150.2024
0,100.2155,150.2024
0,100.216,150.2024
0,100.2164,150.2024
0,100.2169,150.2024
0,100.2173,150.2024
0,100.2177,150.2024
0,100.2182,150.2024
0,100.2186,150.2024
0,100.2191,150.2024
0,100.2195,150.2024
0,100.22,150.2024
0,100.2204,150.2024
0,100.2208,150.2024
0,100.2213,150.2024
0,100.2217,150.2024
0,100.2222,150.2024
0,100.2226,150.2024
0,100.2231,150.2024
0,100.2235,150.2024
0,100.2239,150.2024
0,100.2244,150.2024
0,100.2248,150.2024
0,100.2253,150.2024
0,100.2257,150.2024
0,100.2262,150.2024
0,100.2266,150.2024
0,100.227,150.2024
0,100.2275,150.2024
0,100.2279,150.2024
0,100.2284,150.2024
0,100.2288,150.2024
0,100.2292,150.2024
0,100.2297,150.2024
0,100.2301,150.2024
0,100.2306,150.2024
0,100.231,150.2024
0,100.2315,150.2024
0,100.2319,150.2024
0,100.2323,150.2024
0,100.2328,150.2024
0,100.2332,150.2024
0,100.2337,150.2024
0,100.2341,150.2024
0,100.2346,150.2024
0,100.235,150.2024
0,100.2354,150.2024
0,100.2359,150.2024
0,100.2363,150.2024
0,100.2368,150.2024
0,100.2372,150.2024
0,100.2377,150.2024
0,100.2381,150.2024
0,100.2385,150.2024
0,100.239,150.2024
0,100.2394,150.2024
0,100.2399,150.2024
0,100.2403,150.2024
0,100.2408,150.2024
0,100.2412,150.2024
0,100.2416,150.2024
0,100.2421,150.2024
0,100.2425,150.2024
0,100.243,150.2024
0,100.2434,150.2024
0,100.2439,150.2024
0,100.2443,150.2024
0,100.2447,150.2024
0,100.2452,150.2024
0,100.2456,150.2024
0,100.2461,150.2024
0,100.2465,150.2024
0,100.2469,150.2024
0,100.2474,150.2024
0,100.2478,150.2024
0,100.2483,150.2024
0,100.2487,150.2024
0,100.2492,150.2024
0,100.2496,150.2024
0,100.25,150.2024
0,100.2505,150.2024
0,100.2509,150.2024
0,100.2514,150.2024
0,100.2518,150.2024
0,100.2523,150.2024
0,100.2527,150.2024
0,100.2531,150.2024
0,100.2536,150.2024
0,100.254,150.2024
0,100.2545,150.2024
0,100.2549,150.2024
0,100.2554,150.2024
0,100.2558,150.2024
0,100.2562,150.2024
0,100.2567,150.2024
0,100.2571,150.2024
0,100.2576,150.2024
0,100.258,150.2024
0,100.2585,150.2024
0,100.2589,150.2024
0,100.2593,150.2024
0,100.2598,150.2024
0,100.2602,150.2024
0,100.2607,150.2024
0,100.2611,150.2024
0,100.2616,150.2024
0,100.262,150.2024
0,100.2624,150.2024
0,100.2629,150.2024
0,100.2633,150.2024
0,100.2638,150.2024
0,100.2642,150.2024
0,100.2646,150.2024
0,100.2651,150.2024
0,100.2655,150.2024
0,100.266,150.2024
0,100.2664,150.2024
0,100.2669,150.2024
0,100.2673,150.2024
0,100.2677,150.2024
0,100.2682,150.2024
0,100.2686,150.2024
0,100.2691,150.2024
0,100.2695,150.2024
0,100.27,150.2024
0,100.2704,150.2024
0,100.2708,150.2024
0,100.2713,150.2024
0,100.2717,150.2024
0,100.2722,150.2024
0,100.2726,150.2024
0,100.2731,150.2024
0,100.2735,150.2024
0,100.2739,150.2024
0,100.2744,150.2024
0,100.2748,150.2024
0,100.2753,150.2024
0,100.2757,150.2024
0,100.2762,150.2024
0,100.2766,150.2024
0,100.277,150.2024
0,100.2775,150.2024
0,100.2779,150.2024
0,100.2784,150.2024
0,100.2788,150.2024
0,100.2793,150.2024
0,100.2797,150.2024
0,100.2801,150.2024
0,100.2806,150.2024
0,100.281,150.2024
0,100.2815,150.2024
0,100.2819,150.2024
0,100.2823,150.2024
0,100.2828,150.2024
0,100.2832,150.2024
0,100.2837,150.2024
0,100.2841,150.2024
0,100.2846,150.2024
0,100.285,150.2024
0,100.2854,150.2024
0,100.2859,150.2024
0,100.2863,150.2024
0,100.2868,150.2024
0,100.2872,150.2024
0,100.2877,150.2024
0,100.2881,150.2024
0,100.2885,150.2024
0,100.289,150.2024
0,100.2894,150.2024
0,100.2899,150.2024
0,100.2903,150.2024
0,100.2908,150.2024
0,100.2912,150.2024
0,100.2916,150.2024
0,100.2921,150.2024
0,100.2925,150.2024
0,100.293,150.2024
0,100.2934,150.2024
0,100.2939,150.2024
0,100.2943,150.2024
0,100.2947,150.2024
0,100.2952,150.2024
0,100.2956,150.2024
0,100.2961,150.2024
0,100.2965,150.2024
0,100.297,150.2024
0,100.2974,150.2024
0,100.2978,150.2024
0,100.2983,150.2024
0,100.2987,150.2024
0,100.2992,150.2024
0,100.2996,150.2024
0,100.3,150.2024
0,100.3005,150.2024
0,100.3009,150.2024
0,100.3014,150.2024
0,100.3018,150.2024
0,100.3023,150.2024
0,100.3027,150.2024
0,100.3031,150.2024
0,100.3036,150.2024
0,100.304,150.2024
0,100.3045,150.2024
0,100.3049,150.2024
0,100.3054,150.2024
0,100.3058,150.2024
0,100.3062,150.2024
0,100.3067,150.2024
0,100.3071,150.2024
0,100.3076,150.2024
0,100.308,150.2024
0,100.3085,150.2024
0,100.3089,150.2024
0,100.3093,150.2024
0,100.3098,150.2024
0,100.3102,150.2024
0,100.3107,150.2024
0,100.3111,150.2024
0,100.3116,150.2024
0,100.312,150.2024
0,100.3124,150.2024
0,100.3129,150.2024
0,100.3133,150.2024
0,100.3138,150.2024
0,100.3142,150.2024
0,100.3147,150.2024
0,100.3151,150.2024
0,100.3155,150.2024
0,100.316,150.2024
0,100.3164,150.2024
0,100.3169,150.2024
0,100.3173,150.2024
0,100.3177,150.2024
0,100.3182,150.2024
0,100.3186,150.2024
0,100.3191,150.2024
0,100.3195,150.2024
0,100.32,150.2024
0,100.3204,150.2024
0,100.3208,150.2024
0,100.3213,150.2024
0,100.3217,150.2024
0,100.3222,150.2024
0,100.3226,150.2024
0,100.3231,150.2024
0,100.3235,150.2024
0,100.3239,150.2024
0,100.3244,150.2024
0,100.3248,150.2024
0,100.3253,150.2024
0,100.3257,150.2024
0,100.3262,150.2024
0,100.3266,150.2024
0,100.327,150.2024
0,100.3275,150.2024
0,100.3279,150.2024
0,100.3284,150.2024
0,100.3288,150.2024
0,100.3293,150.2024
0,100.3297,150.2024
0,100.3301,150.2024
0,100.3306,150.2024
0,100.331,150.2024
0,100.3315,150.2024
0,100.3319,150.2024
0,100.3324,150.2024
0,100.3328,150.2024
0,100.3332,150.2024
0,100.3337,150.2024
0,100.3341,150.2024
0,100.3346,150.2024
0,100.335,150.2024
0,100.3354,150.2024
0,100.3359,150.2024
0,100.3363,150.2024
0,100.3368,150.2024
0,100.3372,150.2024
0,100.3377,150.2024
0,100.3381,150.2024
0,100.3385,150.2024
0,100.339,150.2024
0,100.3394,150.2024
0,100.3399,150.2024
0,100.3403,150.2024
0,100.3408,150.2024
0,100.3412,150.2024
0,100.3416,150.2024
0,100.3421,130.7692
0,100.3425,130.7692
0,100.343,130.7692
0,100.3434,130.7692
0,100.3439,130.7692
0,100.3443,130.7692
0,100.3447,130.7692
0,100.3452,130.7692
0,100.3456,130.7692
0,100.3461,130.7692
0,100.3465,130.7692
0,100.347,130.7692
0,100.3474,130.7692
0,100.3478,130.7692
0,100.3483,130.7692
0,100.3487,130.7692
0,100.3492,130.7692
0,100.3496,130.7692
0,100.3501,130.7692
0,100.3505,130.7692
0,100.3509,130.7692
0,100.3514,130.7692
0,100.3518,130.7692
0,100.3523,130.7692
0,100.3527,130.7692
0,100.3531,130.7692
0,100.3536,130.7692
0,100.354,130.7692
0,100.3545,130.7692
0,100.3549,130.7692
0,100.3554,130.7692
0,100.3558,130.7692
0,100.3562,130.7692
0,100.3567,130.7692
0,100.3571,130.7692
0,100.3576,130.7692
0,100.358,130.7692
0,100.3585,130.7692
0,100.3589,130.7692
0,100.3593,130.7692
0,100.3598,130.7692
0,100.3602,130.7692
0,100.3607,130.7692
0,100.3611,130.7692
0,100.3616,130.7692
0,100.362,130.7692
0,100.3624,130.7692
0,100.3629,130.7692
0,100.3633,130.7692
0,100.3638,130.7692
0,100.3642,130.7692
0,100.3647,130.7692
0,100.3651,130.7692
0,100.3655,130.7692
0,100.366,130.7692
0,100.3664,130.7692
0,100.3669,130.7692
0,100.3673,130.7692
0,100.3678,130.7692
0,100.3682,130.7692
0,100.3686,130.7692
0,100.3691,130.7692
0,100.3695,130.7692
0,100.37,130.7692
0,100.3704,130.7692
0,100.3708,130.7692
0,100.3713,130.7692
0,100.3717,130.7692
0,100.3722,130.7692
0,100.3726,130.7692
0,100.3731,130.7692
0,100.3735,130.7692
0,100.3739,130.7692
0,100.3744,130.7692
0,100.3748,130.7692
0,100.3753,130.7692
0,100.3757,130.7692
0,100.3762,130.7692
0,100.3766,130.7692
0,100.377,130.7692
0,100.3775,130.7692
0,100.3779,130.7692
0,100.3784,130.7692
0,100.3788,128.3145
0,100.3793,128.3152
0,100.3797,128.3159
0,100.3801,128.3165
0,100.3806,128.3172
0,100.381,128.3179
0,100.3815,128.3186
0,100.3819,128.3192
0,100.3824,128.3199
0,100.3828,128.3206
0,100.3832,128.3212
0,100.3837,128.3219
0,100.3841,128.3226
0,100.3846,128.3233
0,100.385,128.3239
0,100.3855,128.3246
0,100.3859,128.3253
0,100.3863,128.3259
0,100.3868,128.3266
0,100.3872,128.3273
0,100.3877,128.328
0,100.3881,128.3286
0,100.3885,128.3293
0,100.389,128.33
0,100.3894,128.3306
0,100.3899,128.3313
0,100.3903,128.332
0,100.3908,128.3327
0,100.3912,128.3333
0,100.3916,128.334
0,100.3921,128.3347
0,100.3925,128.3353
0,100.393,128.336
0,100.3934,128.3367
0,100.3939,128.3374
0,100.3943,128.338
0,100.3947,128.3387
0,100.3952,128.3394
0,100.3956,128.34
0,100.3961,128.3407
0,100.3965,128.3414
0,100.397,128.3421
0,100.3974,128.3427
0,100.3978,128.3434
0,100.3983,128.3441
0,100.3987,128.3447
0,100.3992,128.3454
0,100.3996,128.3461
0,100.4001,128.3468
0,100.4005,128.3474
0,100.4009,128.3481
0,100.4014,128.3488
0,100.4018,128.3494
0,100.4023,128.3501
0,100.4027,128.3508
0,100.4032,128.3515
0,100.4036,128.3521
0,100.404,128.3528
0,100.4045,128.3535
0,100.4049,128.3541
0,100.4054,128.3548
0,100,128.3555
0,100,128.3562
0,100,128.3568
0,100,128.3575
0,100,128.3582
0,100,128.3588
0,100,128.3595
0,100,128.3602
0,100,128.3609
0,100,128.3615
0,100,128.3622
0,100,128.3629
0,100,128.3635
0,100,128.3642
0,100,128.3649
0,100,128.3656
0,100,128.3662
0,100,128.3669
0,100,128.3676
0,100,128.3682
0,100,128.3689
0,100,128.3696
0,100,128.3703
0,100,128.3709
0,100,128.3716
0,100,128.3723
0,100,128.3729
0,100,128.3736
0,100,128.3743
0,100,128.375
0,100,128.3756
0,100,128.3763
0,100,128.377
0,100,128.3776
0,100,128.3783
0,100,128.379
0,100,128.3797
0,100,128.3803
0,100,128.381
0,100,128.3817
0,100,128.3823
0,100,128.383
0,100,128.3837
0,100,128.3844
0,100,128.385
0,100,128.3857
0,100,128.3864
0,100,128.387
0,100,128.3877
0,100,128.3884
0,100,128.3891
0,100,128.3897
0,100,128.3904
0,100,128.3911
-1,100,128.3917
#MOTOR_B2
1,1,80
1,25.93407,81.37039
1,50.98901,82.74078
1,53.68917,84.11118
1,57.26844,85.48157
1,60.84772,86.85196
1,64.427,88.22235
1,68.00628,89.59274
1,71.58556,90.96313
1,75.16483,92.33353
1,78.74411,93.70392
1,82.32339,95.07431
1,85.90266,96.4447
1,89.48194,97.81509
1,93.06122,99.18549
1,96.6405,100.5559
1,100.2198,101.9263
1,100.204,103.2967
1,100.203,104.6671
1,100.2021,106.0374
1,100.2012,107.4078
1,100.2002,108.7782
1,100.1993,110.1486
1,100.1984,111.519
1,100.1974,112.8894
1,100.1965,114.2598
1,100.1956,115.6302
1,100.1946,117.0006
1,100.1937,118.371
1,100.1928,119.7414
1,100.1919,121.1118
1,100.1909,122.4821
1,100.19,123.8525
1,100.1891,125.2229
1,100.1881,126.5933
1,100.1872,127.9637
1,100.1863,129.3341
1,100.1853,130.7045
1,100.1844,132.0749
1,100.1835,133.4453
1,100.1825,134.8157
1,100.1816,136.1861
1,100.1807,137.5565
1,100.1798,138.9268
1,100.1788,140.2972
1,100.1779,141.6676
1,100.177,143.038
1,100.176,144.4084
1,100.1751,145.7788
1,100.1742,147.1492
1,100.1732,148.5196
1,100.1723,150.3297
1,100.1714,150.3297
1,100.1704,150.3297
1,100.1695,150.3297
1,100.1686,150.3297
1,100.1677,150.3297
1,100.1667,150.3297
1,100.1658,150.3297
1,100.1649,150.3297
1,100.1639,150.3297
1,100.163,150.3297
1,100.1621,150.3297
1,100.1611,150.3297
1,100.1602,150.3297
1,100.1593,150.3297
1,100.1583,150.3297
1,100.1574,150.3297
1,100.1565,150.3297
1,100.1556,150.3297
1,100.1546,150.3297
1,100.1537,150.3297
1,100.1528,150.3297
1,100.1518,150.3297
1,100.1509,150.3297
1,100.15,150.3297
1,100.149,150.3297
1,100.1481,150.3297
1,100.1472,150.3297
1,100.1462,150.3297
1,100.1453,150.3297
1,100.1444,150.3297
1,100.1435,150.3297
1,100.1425,150.3297
1,100.1416,150.3297
1,100.1407,150.3297
1,100.1397,150.3297
1,100.1388,150.3297
1,100.1379,150.3297
1,100.1369,150.3297
1,100.136,150.3297
1,100.1351,150.3297
1,100.1341,150.3297
1,100.1332,150.3297
1,100.1323,150.3297
1,100.2198,150.3297
2,98.46154,150.3297
2,99.24298,150.3297
2,100.0244,150.3297
2,100.8059,150.3297
2,101.5873,150.3297
2,102.3687,150.3297
2,103.1502,150.3297
2,103.9316,150.3297
2,104.7131,150.3297
3,96.7033,150.3297
3,97.20566,150.3297
3,97.70802,150.3297
3,98.21037,150.3297
3,98.71273,150.3297
3,99.21509,150.3297
3,99.71745,150.3297
3,100.2198,150.3297
3,100.7222,150.3297
3,101.2245,150.3297
3,101.7269,150.3297
3,102.2292,150.3297
3,102.7316,150.3297
3,103.2339,150.3297
3,103.7363,150.3297
3,104.2387,150.3297
3,104.741,150.3297
3,105.2434,150.3297
3,105.7457,150.3297
3,106.2481,150.3297
3,106.7505,150.3297
3,107.2528,150.3297
3,107.7552,150.3297
3,108.2575,150.3297
3,108.7599,150.3297
3,109.2622,150.3297
3,109.7646,150.3297
3,110.267,150.3297
3,110.7693,150.3297
3,111.2717,150.3297
3,111.774,150.3297
3,112.2764,150.3297
3,112.7787,150.3297
3,113.2811,150.3297
3,113.7835,150.3297
5,100.2198,150.3297
5,100.5128,150.3297
5,100.8059,150.3297
5,101.0989,150.3297
5,101.3919,150.3297
5,101.685,150.3297
5,101.978,150.3297
5,102.189,150.3297
5,102.4703,150.3297
5,102.7516,150.3297
5,103.033,150.3297
5,103.3143,150.3297
5,103.5956,150.3297
5,103.8769,150.3297
5,104.1582,150.3297
5,104.4396,150.3297
5,104.7209,150.3297
5,105.0022,150.3297
5,105.2835,150.3297
5,105.5648,150.3297
5,105.8462,150.3297
5,106.1275,150.3297
5,106.4088,150.3297
5,106.6901,150.3297
5,106.9714,150.3297
5,107.2527,150.3297
5,107.5341,150.3297
5,107.8154,150.3297
5,108.0967,150.3297
5,108.378,150.3297
5,108.6593,150.3297
5,108.9407,150.3297
5,109.222,150.3297
5,109.5033,150.3297
5,109.7846,150.3297
5,110.0659,150.3297
5,110.3473,150.3297
5,110.6286,150.3297
5,110.9099,150.3297
5,111.1912,150.3297
5,111.4725,150.3297
5,111.7538,150.3297
5,112.0352,150.3297
5,112.3165,150.3297
5,112.5978,150.3297
5,112.8791,150.3297
5,113.1604,150.3297
5,113.4418,150.3297
5,113.7231,150.3297
5,114.0044,150.3297
5,114.2857,150.3297
5,114.567,150.3297
5,114.8484,150.3297
5,115.1297,150.3297
5,115.411,150.3297
5,115.6923,150.3297
5,115.9736,150.3297
5,116.2549,150.3297
5,116.5363,150.3297
5,116.8176,150.3297
5,117.0989,150.3297
5,117.3802,150.3297
5,117.6615,150.3297
5,117.9429,150.3297
5,118.2242,150.3297
5,118.5055,150.3297
5,118.7868,150.3297
5,119.0681,150.3297
5,119.3494,150.3297
5,119.6308,150.3297
5,119.9121,150.3297
5,120.1934,150.3297
5,120.4747,150.3297
5,120.756,150.3297
5,121.0374,150.3297
5,121.3187,150.3297
5,121.6,150.3297
5,121.8813,150.3297
5,122.1626,150.3297
5,122.444,150.3297
5,122.7253,150.3297
5,123.0066,150.3297
5,123.2879,150.3297
5,123.5692,150.3297
5,123.8505,150.3297
5,124.1319,150.3297
5,124.4132,150.3297
5,124.6945,150.3297
5,124.9758,150.3297
5,125.2571,150.3297
5,125.5385,150.3297
5,125.8198,150.3297
5,126.1011,150.3297
5,126.3824,150.3297
5,126.6637,150.3297
5,126.9451,150.3297
5,127.2264,150.3297
5,127.5077,150.3297
5,127.789,150.3297
5,128.0703,150.3297
9,94.94505,150.3297
9,95.43346,150.3335
9,95.92186,150.3373
9,96.41026,150.3411
9,96.89867,150.3449
9,97.38707,150.3487
9,97.87547,150.3526
9,98.36388,150.3564
9,98.85228,150.3602
9,99.34068,150.364
9,99.06172,150.3678
9,99.32377,150.3716
9,99.58582,150.3754
9,99.84786,150.3793
9,100.1099,150.3831
9,100.372,150.3869
9,100.634,150.3907
9,100.896,150.3945
9,101.1581,150.3983
9,101.4201,150.4021
9,101.6822,150.406
9,101.9442,150.4098
9,102.2063,150.4136
9,102.4683,150.4174
9,102.7304,150.4212
9,102.9924,150.425
9,103.2545,150.4288
9,103.5165,150.4327
9,103.7786,150.4365
9,104.0406,150.4403
9,104.3027,150.4441
9,104.5647,150.4479
9,104.8268,150.4517
9,105.0888,150.4556
9,105.3508,150.4594
9,105.6129,150.4632
9,105.8749,150.467
9,106.137,150.4708
9,106.399,150.4746
9,106.6611,150.4784
9,106.9231,150.4823
9,107.1852,150.4861
9,107.4472,150.4899
9,107.7093,150.4937
9,107.9713,150.4975
9,108.2334,150.5013
9,108.4954,150.5051
9,108.7575,150.509
9,109.0195,150.5128
9,109.2815,150.5166
9,109.5436,150.5204
9,109.8056,150.5242
9,110.0677,150.528
9,110.3297,150.5318
9,110.5918,150.5357
9,110.8538,150.5395
9,111.1159,150.5433
9,111.3779,150.5471
9,111.64,150.5509
9,111.902,150.5547
9,112.1641,150.5585
9,112.4261,150.5624
9,112.6882,150.5662
9,112.9502,150.57
9,113.2122,150.5738
9,113.4743,150.5776
9,113.7363,150.5814
9,113.9984,150.5853
9,114.2604,150.5891
9,114.5225,150.5929
9,114.7845,150.5967
9,115.0466,150.6005
9,115.3086,150.6043
9,115.5707,150.6081
9,115.8327,150.612
9,116.0948,150.6158
9,116.3568,150.6196
9,116.6189,150.6234
9,116.8809,150.6272
9,117.143,150.631
9,117.405,150.6348
9,117.667,150.6387
9,117.9291,150.6425
9,118.1911,150.6463
9,118.4532,150.6501
9,118.7152,150.6539
9,118.9773,150.6577
9,119.2393,150.6615
9,119.5014,150.6654
9,119.7634,150.6692
9,120.0255,150.673
9,120.2875,150.6768
9,120.5496,150.6806
9,120.8116,150.6844
9,121.0737,150.6882
9,121.3357,150.6921
9,121.5977,150.6959
9,121.8598,150.6997
9,122.1218,150.7035
9,122.3839,150.7073
9,122.6459,150.7111
9,122.908,150.715
9,123.17,150.7188
9,123.4321,150.7226
9,123.6941,150.7264
9,123.9562,150.7302
9,124.2182,150.734
9,124.4803,150.7378
9,124.7423,150.7417
9,125.0044,150.7455
9,125.2664,150.7493
9,125.5285,150.7531
9,125.7905,150.7569
9,126.0525,150.7607
9,126.3146,150.7645
9,126.5766,150.7684
9,126.8387,150.7722
9,127.1007,150.776
9,127.3628,150.7798
9,127.6248,150.7836
9,127.8869,150.7874
9,128.1489,150.7912
9,128.4109,150.7951
9,128.673,150.7989
9,128.935,150.8027
9,129.1971,150.8065
9,129.4591,150.8103
9,129.7211,150.8141
9,129.9832,150.8179
9,130.2452,150.8218
9,130.5073,150.8256
9,130.7693,150.8294
9,131.0313,150.8332
9,131.2934,150.837
9,131.5554,150.8408
9,131.8175,150.8447
9,132.0795,150.8485
9,132.3415,150.8523
9,132.6036,150.8561
9,132.8656,150.8599
9,133.1277,150.8637
9,133.3897,150.8675
9,133.6517,150.8714
9,133.9138,150.8752
9,134.1758,150.879
9,134.4379,150.8828
9,134.6999,150.8866
9,134.9619,150.8904
9,135.224,150.8942
9,135.486,150.8981
9,135.748,150.9019
9,136.0101,150.9057
9,136.2721,150.9095
9,136.5342,150.9133
9,136.7962,150.9171
9,137.0582,150.9209
9,137.3203,150.9248
9,137.5823,150.9286
9,137.8444,150.9324
9,138.1064,150.9362
9,138.3684,150.3297
9,138.6305,147.3143
9,138.8925,144.2989
9,139.1546,141.2835
9,139.4166,138.2681
9,139.6786,135.2528
9,139.9407,132.2374
9,140.2027,129.222
9,140.4648,126.2066
9,140.7268,123.1912
9,140.9888,120.1759
9,141.2509,117.1605
9,141.5129,114.1451
9,141.7749,111.1297
9,142.037,108.1143
9,142.299,105.099
9,142.5611,102.0836
9,142.8231,99.06819
9,143.0851,96.05281
9,143.3472,93.03743
9,143.6092,90.02205
9,143.8713,87.00667
9,144.1333,83.99129
9,144.3953,80.97591
9,144.6574,77.96053
9,144.9194,74.94514
9,145.1815,71.92976
9,145.4435,68.91438
9,145.7055,65.899
9,145.9676,62.88362
9,146.2296,59.86823
9,146.4917,56.85285
9,146.7537,53.83746
9,147.0157,50.82208
9,147.2778,47.80669
9,147.5398,44.79131
9,147.8018,41.77592
9,148.0639,38.76054
9,148.3259,35.74516
9,148.588,32.72977
9,148.85,29.71439
9,149.112,26.699
9,149.3741,23.68362
9,149.6361,20.66823
9,149.8982,17.65285
9,150.1602,14.63746
9,150.4222,11.62208
9,150.6843,8.606693
9,150.9463,5.591309
9,151.2084,2.575924
-1,100,0
